par-text-partials-format
point-type time frequency amplitude
partials-count 214
partials-data
0 6 0.000000 0.062472
0.000000 13864.357422 0.000147 0.012494 13866.513672 0.000200 0.024989 13868.941406 0.000171 0.037483 13870.166992 0.000093 0.049977 13889.049805 0.000038 0.062472 13889.049805 0.000000
1 7 0.000000 0.074966
0.000000 12980.643555 0.000164 0.012494 12977.610352 0.000250 0.024989 12975.753906 0.000255 0.037483 12974.979492 0.000183 0.049977 12975.375977 0.000095 0.062472 12978.695313 0.000037 0.074966 12978.695313 0.000000
2 6 0.000000 0.062472
0.000000 12897.119141 0.000179 0.012494 12896.340820 0.000258 0.024989 12892.727539 0.000231 0.037483 12887.788086 0.000136 0.049977 12883.333008 0.000060 0.062472 12883.333008 0.000000
3 7 0.000000 0.074966
0.000000 12700.653320 0.000176 0.012494 12670.939453 0.000216 0.024989 12672.445313 0.000182 0.037483 12707.773438 0.000184 0.049977 12705.750977 0.000095 0.062472 12681.115234 0.000046 0.074966 12681.115234 0.000000
4 5 0.000000 0.062472
0.000000 12671.759766 0.000167 0.024989 12648.929688 0.000157 0.037483 12673.828125 0.000116 0.049977 12676.129883 0.000073 0.062472 12676.129883 0.000000
5 7 0.000000 0.074966
0.000000 12547.508789 0.000267 0.012494 12552.245117 0.000352 0.024989 12553.224609 0.000304 0.037483 12553.756836 0.000185 0.049977 12555.024414 0.000091 0.062472 12559.443359 0.000043 0.074966 12559.443359 0.000000
6 7 0.000000 0.074966
0.000000 12504.569336 0.000289 0.012494 12503.905273 0.000368 0.024989 12500.132813 0.000290 0.037483 12497.329102 0.000152 0.049977 12495.414063 0.000066 0.062472 12495.631836 0.000034 0.074966 12495.631836 0.000000
7 6 0.000000 0.062472
0.000000 12399.932617 0.000286 0.012494 12401.637695 0.000370 0.024989 12401.993164 0.000302 0.037483 12402.059570 0.000158 0.049977 12403.241211 0.000053 0.062472 12403.241211 0.000000
8 6 0.000000 0.062472
0.000000 12341.105469 0.000322 0.012494 12345.912109 0.000409 0.024989 12348.549805 0.000332 0.037483 12350.091797 0.000178 0.049977 12351.182617 0.000071 0.062472 12351.182617 0.000000
9 6 0.000000 0.062472
0.000000 12248.590820 0.000286 0.012494 12248.942383 0.000355 0.024989 12249.640625 0.000276 0.037483 12252.678711 0.000136 0.049977 12256.463867 0.000052 0.062472 12256.463867 0.000000
10 6 0.000000 0.062472
0.000000 12205.068359 0.000299 0.012494 12202.412109 0.000397 0.024989 12200.725586 0.000344 0.037483 12199.299805 0.000200 0.049977 12199.460938 0.000079 0.062472 12199.460938 0.000000
11 5 0.000000 0.049977
0.000000 12145.566406 0.000264 0.012494 12143.772461 0.000351 0.024989 12141.583984 0.000305 0.037483 12138.557617 0.000179 0.049977 12138.557617 0.000000
12 7 0.000000 0.074966
0.000000 12078.122070 0.000258 0.012494 12077.834961 0.000325 0.024989 12075.723633 0.000249 0.037483 12099.820313 0.000123 0.049977 12127.788086 0.000080 0.062472 12124.359375 0.000037 0.074966 12124.359375 0.000000
13 6 0.000000 0.062472
0.000000 12012.941406 0.000233 0.012494 12010.644531 0.000306 0.024989 12010.383789 0.000254 0.037483 12012.206055 0.000134 0.049977 12015.710938 0.000049 0.062472 12015.710938 0.000000
14 7 0.000000 0.074966
0.000000 11767.632813 0.000192 0.012494 11770.935547 0.000280 0.024989 11774.085938 0.000267 0.037483 11783.159180 0.000175 0.049977 11790.625977 0.000091 0.062472 11809.257813 0.000039 0.074966 11809.257813 0.000000
15 7 0.000000 0.074966
0.000000 11716.993164 0.000214 0.012494 11718.574219 0.000280 0.024989 11721.688477 0.000231 0.037483 11729.522461 0.000131 0.049977 11747.411133 0.000082 0.062472 11745.266602 0.000049 0.074966 11745.266602 0.000000
16 6 0.000000 0.062472
0.000000 11653.107422 0.000272 0.012494 11661.176758 0.000339 0.024989 11666.538086 0.000274 0.037483 11670.269531 0.000150 0.049977 11699.012695 0.000061 0.062472 11699.012695 0.000000
17 6 0.000000 0.062472
0.000000 11594.852539 0.000340 0.012494 11600.119141 0.000422 0.024989 11602.588867 0.000325 0.037483 11610.600586 0.000153 0.049977 11617.172852 0.000055 0.062472 11617.172852 0.000000
18 7 0.000000 0.074966
0.000000 11532.235352 0.000365 0.012494 11529.722656 0.000445 0.024989 11525.594727 0.000339 0.037483 11523.063477 0.000175 0.049977 11520.647461 0.000079 0.062472 11518.744141 0.000042 0.074966 11518.744141 0.000000
19 6 0.000000 0.062472
0.000000 11401.416992 0.000427 0.012494 11398.372070 0.000524 0.024989 11396.759766 0.000400 0.037483 11395.357422 0.000193 0.049977 11393.609375 0.000065 0.062472 11393.609375 0.000000
20 7 0.000000 0.074966
0.000000 11339.824219 0.000443 0.012494 11341.347656 0.000561 0.024989 11342.350586 0.000458 0.037483 11343.030273 0.000258 0.049977 11343.702148 0.000113 0.062472 11348.137695 0.000046 0.074966 11348.137695 0.000000
21 8 0.000000 0.087460
0.000000 11284.557617 0.000439 0.012494 11286.762695 0.000550 0.024989 11287.905273 0.000446 0.037483 11289.041016 0.000248 0.049977 11292.377930 0.000107 0.062472 11305.177734 0.000063 0.074966 11307.061523 0.000032 0.087460 11307.061523 0.000000
22 6 0.000000 0.062472
0.000000 11248.310547 0.000452 0.012494 11246.241211 0.000578 0.024989 11245.282227 0.000474 0.037483 11244.939453 0.000256 0.049977 11245.339844 0.000095 0.062472 11245.339844 0.000000
23 7 0.000000 0.074966
0.000000 11186.418945 0.000446 0.012494 11189.958984 0.000563 0.024989 11192.940430 0.000450 0.037483 11194.828125 0.000238 0.049977 11195.851563 0.000094 0.062472 11195.622070 0.000041 0.074966 11195.622070 0.000000
24 7 0.000000 0.074966
0.000000 11067.972656 0.000359 0.012494 11064.713867 0.000457 0.024989 11057.909180 0.000362 0.037483 11053.427734 0.000190 0.049977 11051.331055 0.000070 0.062472 11029.179688 0.000034 0.074966 11029.179688 0.000000
25 7 0.000000 0.074966
0.000000 10984.553711 0.000333 0.012494 10979.145508 0.000445 0.024989 10977.006836 0.000384 0.037483 10976.053711 0.000224 0.049977 10975.324219 0.000100 0.062472 10973.617188 0.000044 0.074966 10973.617188 0.000000
26 8 0.000000 0.087460
0.000000 10837.524414 0.000204 0.012494 10863.096680 0.000237 0.024989 10865.747070 0.000196 0.037483 10829.256836 0.000198 0.049977 10824.439453 0.000115 0.062472 10816.206055 0.000068 0.074966 10816.114258 0.000034 0.087460 10816.114258 0.000000
27 7 0.000000 0.074966
0.000000 10770.455078 0.000191 0.012494 10772.673828 0.000280 0.024989 10773.283203 0.000303 0.037483 10773.583984 0.000256 0.049977 10774.509766 0.000167 0.062472 10781.194336 0.000079 0.074966 10781.194336 0.000000
28 7 0.000000 0.074966
0.000000 10723.321289 0.000222 0.012494 10728.871094 0.000283 0.024989 10736.273438 0.000239 0.037483 10740.453125 0.000160 0.049977 10710.490234 0.000068 0.062472 10712.566406 0.000043 0.074966 10712.566406 0.000000
29 7 0.000000 0.074966
0.000000 10508.265625 0.000517 0.012494 10507.858398 0.000652 0.024989 10505.706055 0.000515 0.037483 10504.372070 0.000272 0.049977 10503.353516 0.000115 0.062472 10503.267578 0.000055 0.074966 10503.267578 0.000000
30 7 0.000000 0.074966
0.000000 10397.426758 0.000570 0.012494 10407.584961 0.000688 0.024989 10413.229492 0.000513 0.037483 10414.705078 0.000240 0.049977 10414.965820 0.000079 0.062472 10412.708984 0.000034 0.074966 10412.708984 0.000000
31 7 0.000000 0.074966
0.000000 10291.451172 0.000727 0.012494 10293.239258 0.000911 0.024989 10294.958008 0.000713 0.037483 10296.230469 0.000358 0.049977 10297.613281 0.000128 0.062472 10300.283203 0.000048 0.074966 10300.283203 0.000000
32 7 0.000000 0.074966
0.000000 10224.259766 0.000729 0.012494 10226.801758 0.000923 0.024989 10228.648438 0.000738 0.037483 10230.542969 0.000377 0.049977 10236.483398 0.000122 0.062472 10253.507813 0.000065 0.074966 10253.507813 0.000000
33 7 0.000000 0.074966
0.000000 10146.890625 0.000647 0.012494 10144.808594 0.000794 0.024989 10145.231445 0.000609 0.037483 10146.289063 0.000299 0.049977 10148.700195 0.000102 0.062472 10159.907227 0.000051 0.074966 10159.907227 0.000000
34 7 0.000000 0.074966
0.000000 10003.963867 0.000629 0.012494 10007.666992 0.000774 0.024989 10009.321289 0.000595 0.037483 10010.041016 0.000293 0.049977 10010.610352 0.000105 0.062472 10012.000000 0.000042 0.074966 10012.000000 0.000000
35 5 0.000000 0.049977
0.000000 9956.521484 0.000632 0.012494 9954.485352 0.000780 0.024989 9952.991211 0.000606 0.037483 9951.312500 0.000307 0.049977 9951.312500 0.000000
36 8 0.000000 0.087460
0.000000 9910.406250 0.000635 0.012494 9911.149414 0.000779 0.024989 9915.366211 0.000583 0.037483 9920.557617 0.000274 0.049977 9946.391602 0.000116 0.062472 9934.371094 0.000083 0.074966 9934.198242 0.000047 0.087460 9934.198242 0.000000
37 7 0.000000 0.074966
0.000000 9808.796875 0.000759 0.012494 9809.207031 0.000949 0.024989 9808.488281 0.000733 0.037483 9807.606445 0.000352 0.049977 9806.853516 0.000113 0.062472 9805.345703 0.000042 0.074966 9805.345703 0.000000
38 7 0.000000 0.074966
0.000000 9745.685547 0.000840 0.012494 9746.504883 0.001072 0.024989 9747.267578 0.000841 0.037483 9748.922852 0.000392 0.049977 9755.799805 0.000098 0.062472 9777.046875 0.000034 0.074966 9777.046875 0.000000
39 6 0.000000 0.062472
0.000000 9690.748047 0.000749 0.012494 9687.466797 0.000916 0.024989 9685.376953 0.000684 0.037483 9682.322266 0.000302 0.049977 9680.593750 0.000077 0.062472 9680.593750 0.000000
40 7 0.000000 0.074966
0.000000 9641.681641 0.000729 0.012494 9639.801758 0.000909 0.024989 9639.888672 0.000708 0.037483 9641.312500 0.000349 0.049977 9643.782227 0.000125 0.062472 9648.617188 0.000059 0.074966 9648.617188 0.000000
41 7 0.000000 0.074966
0.000000 9584.195313 0.000722 0.012494 9582.359375 0.000913 0.024989 9577.402344 0.000706 0.037483 9571.003906 0.000351 0.049977 9567.878906 0.000129 0.062472 9595.838867 0.000048 0.074966 9595.838867 0.000000
42 7 0.000000 0.074966
0.000000 9485.668945 0.000736 0.012494 9487.370117 0.000929 0.024989 9489.432617 0.000734 0.037483 9491.173828 0.000373 0.049977 9492.669922 0.000139 0.062472 9493.439453 0.000057 0.074966 9493.439453 0.000000
43 7 0.000000 0.074966
0.000000 9442.198242 0.000680 0.012494 9438.664063 0.000833 0.024989 9438.191406 0.000641 0.037483 9438.336914 0.000312 0.049977 9438.560547 0.000095 0.062472 9455.162109 0.000051 0.074966 9455.162109 0.000000
44 8 0.000000 0.087460
0.000000 9323.308594 0.000711 0.012494 9327.768555 0.000897 0.024989 9330.202148 0.000718 0.037483 9330.503906 0.000371 0.049977 9328.794922 0.000134 0.062472 9324.725586 0.000062 0.074966 9325.149414 0.000037 0.087460 9325.149414 0.000000
45 7 0.000000 0.074966
0.000000 9220.862305 0.000670 0.012494 9226.308594 0.000810 0.024989 9230.098633 0.000607 0.037483 9232.249023 0.000288 0.049977 9233.548828 0.000096 0.062472 9234.385742 0.000040 0.074966 9234.385742 0.000000
46 8 0.000000 0.087460
0.000000 9182.793945 0.000687 0.012494 9178.992188 0.000866 0.024989 9177.362305 0.000706 0.037483 9176.562500 0.000395 0.049977 9176.166016 0.000175 0.062472 9177.173828 0.000082 0.074966 9178.339844 0.000041 0.087460 9178.339844 0.000000
47 8 0.000000 0.087460
0.000000 9116.348633 0.000559 0.012494 9090.747070 0.000594 0.024989 9114.903320 0.000535 0.037483 9080.455078 0.000306 0.049977 9057.056641 0.000180 0.062472 9057.477539 0.000092 0.074966 9057.104492 0.000040 0.087460 9057.104492 0.000000
48 7 0.000000 0.074966
0.000000 8983.012695 0.000777 0.012494 8986.750977 0.000977 0.024989 8988.971680 0.000777 0.037483 8991.361328 0.000387 0.049977 8996.315430 0.000119 0.062472 9001.378906 0.000034 0.074966 9001.378906 0.000000
49 9 0.000000 0.099955
0.000000 8868.263672 0.001042 0.012494 8874.594727 0.001245 0.024989 8876.133789 0.000920 0.037483 8878.657227 0.000410 0.049977 8884.616211 0.000124 0.062472 8893.370117 0.000085 0.074966 8894.445313 0.000053 0.087460 8900.699219 0.000033 0.099955 8900.699219 0.000000
50 5 0.000000 0.049977
0.000000 8764.202148 0.001448 0.012494 8760.106445 0.001775 0.024989 8758.526367 0.001375 0.037483 8757.197266 0.000708 0.049977 8757.197266 0.000000
51 9 0.000000 0.099955
0.000000 8723.831055 0.001403 0.012494 8724.081055 0.001695 0.024989 8724.774414 0.001289 0.037483 8725.738281 0.000643 0.049977 8754.663086 0.000284 0.062472 8748.443359 0.000137 0.074966 8753.892578 0.000059 0.087460 8760.447266 0.000032 0.099955 8760.447266 0.000000
52 8 0.000000 0.087460
0.000000 8665.898438 0.001523 0.012494 8668.220703 0.001867 0.024989 8669.670898 0.001421 0.037483 8670.230469 0.000678 0.049977 8669.828125 0.000216 0.062472 8664.293945 0.000080 0.074966 8664.596680 0.000037 0.087460 8664.596680 0.000000
53 8 0.000000 0.087460
0.000000 8582.002930 0.001545 0.012494 8581.546875 0.001877 0.024989 8578.484375 0.001391 0.037483 8575.507813 0.000629 0.049977 8572.982422 0.000186 0.062472 8566.407227 0.000069 0.074966 8543.715820 0.000034 0.087460 8543.715820 0.000000
54 8 0.000000 0.087460
0.000000 8506.314453 0.001623 0.012494 8511.916992 0.001975 0.024989 8513.438477 0.001478 0.037483 8514.568359 0.000667 0.049977 8482.010742 0.000188 0.062472 8489.766602 0.000081 0.074966 8491.436523 0.000043 0.087460 8491.436523 0.000000
55 5 0.000000 0.049977
0.000000 8483.735352 0.001624 0.012494 8478.386719 0.001983 0.024989 8477.911133 0.001484 0.037483 8479.579102 0.000667 0.049977 8479.579102 0.000000
56 9 0.000000 0.099955
0.000000 8347.344727 0.001318 0.012494 8343.178711 0.001614 0.024989 8341.383789 0.001231 0.037483 8341.117188 0.000587 0.049977 8343.614258 0.000181 0.062472 8362.551758 0.000109 0.074966 8362.270508 0.000078 0.087460 8363.576172 0.000043 0.099955 8363.576172 0.000000
57 8 0.000000 0.087460
0.000000 8183.452148 0.000796 0.012494 8185.086914 0.000988 0.024989 8187.435059 0.000789 0.037483 8189.821289 0.000435 0.049977 8219.489258 0.000267 0.062472 8214.649414 0.000135 0.074966 8211.848633 0.000055 0.087460 8211.848633 0.000000
58 7 0.000000 0.074966
0.000000 8077.083984 0.000607 0.012494 8076.408203 0.000818 0.024989 8076.878906 0.000724 0.037483 8078.388184 0.000434 0.049977 8083.696777 0.000188 0.062472 8087.805664 0.000079 0.074966 8087.805664 0.000000
59 10 0.000000 0.112449
0.000000 7973.437988 0.000555 0.012494 7973.913574 0.000761 0.024989 7974.441895 0.000668 0.037483 7978.851074 0.000367 0.049977 7990.407227 0.000161 0.062472 7994.071289 0.000087 0.074966 7993.967773 0.000055 0.087460 8021.476563 0.000058 0.099955 8009.541016 0.000036 0.112449 8009.541016 0.000000
60 8 0.000000 0.087460
0.000000 7889.129395 0.000698 0.012494 7889.661133 0.000952 0.024989 7896.309082 0.000800 0.037483 7901.879395 0.000455 0.049977 7871.275879 0.000207 0.062472 7864.291504 0.000112 0.074966 7864.430664 0.000057 0.087460 7864.430664 0.000000
61 8 0.000000 0.087460
0.000000 7807.003906 0.000652 0.012494 7808.246582 0.000912 0.024989 7808.129883 0.000843 0.037483 7806.303711 0.000537 0.049977 7802.077637 0.000270 0.062472 7794.239258 0.000145 0.074966 7791.754883 0.000065 0.087460 7791.754883 0.000000
62 7 0.000000 0.074966
0.000000 7719.796387 0.000545 0.012494 7716.863770 0.000681 0.024989 7713.922363 0.000538 0.037483 7710.683594 0.000287 0.049977 7706.706543 0.000129 0.062472 7706.375000 0.000060 0.074966 7706.375000 0.000000
63 7 0.000000 0.074966
0.000000 7670.155762 0.000595 0.012494 7670.327148 0.000796 0.024989 7671.012695 0.000693 0.037483 7672.143066 0.000408 0.049977 7673.247070 0.000170 0.062472 7668.351563 0.000055 0.074966 7668.351563 0.000000
64 7 0.000000 0.074966
0.000000 7612.645020 0.000608 0.012494 7614.177734 0.000832 0.024989 7615.552246 0.000760 0.037483 7616.954590 0.000497 0.049977 7619.102051 0.000251 0.062472 7621.975586 0.000105 0.074966 7621.975586 0.000000
65 9 0.000000 0.099955
0.000000 7481.196289 0.000700 0.012494 7480.888672 0.000913 0.024989 7484.213379 0.000736 0.037483 7489.680176 0.000393 0.049977 7492.869141 0.000188 0.062472 7494.170410 0.000113 0.074966 7487.985352 0.000070 0.087460 7485.354004 0.000035 0.099955 7485.354004 0.000000
66 7 0.000000 0.099955
0.000000 7402.878418 0.000658 0.012494 7400.006348 0.000859 0.024989 7398.075684 0.000717 0.037483 7398.044434 0.000384 0.049977 7382.503906 0.000153 0.087460 7390.372559 0.000051 0.099955 7390.372559 0.000000
67 9 0.000000 0.099955
0.000000 7351.812500 0.000526 0.012494 7353.660645 0.000645 0.024989 7354.438477 0.000526 0.037483 7355.943359 0.000310 0.049977 7360.298828 0.000165 0.062472 7360.754395 0.000099 0.074966 7358.353516 0.000066 0.087460 7357.071777 0.000047 0.099955 7357.071777 0.000000
68 8 0.000000 0.087460
0.000000 7290.619629 0.000673 0.012494 7287.040527 0.000829 0.024989 7315.101563 0.000672 0.037483 7317.865723 0.000393 0.049977 7319.736816 0.000195 0.062472 7315.162598 0.000092 0.074966 7305.242188 0.000047 0.087460 7305.242188 0.000000
69 8 0.000000 0.087460
0.000000 7159.885742 0.000503 0.012494 7156.397949 0.000624 0.024989 7153.411133 0.000505 0.037483 7150.768555 0.000301 0.049977 7146.979492 0.000172 0.062472 7146.123535 0.000100 0.074966 7118.097168 0.000055 0.087460 7118.097168 0.000000
70 8 0.000000 0.087460
0.000000 7115.001465 0.000528 0.012494 7089.892090 0.000604 0.024989 7086.411621 0.000524 0.037483 7117.849121 0.000439 0.049977 7116.965332 0.000262 0.062472 7113.323730 0.000142 0.074966 7107.234863 0.000057 0.087460 7107.234863 0.000000
71 8 0.000000 0.087460
0.000000 6990.651367 0.000500 0.012494 6994.479980 0.000661 0.024989 6996.526855 0.000577 0.037483 6997.486816 0.000356 0.049977 6997.122070 0.000170 0.062472 6986.273926 0.000088 0.074966 6982.467773 0.000054 0.087460 6982.467773 0.000000
72 8 0.000000 0.087460
0.000000 6940.148438 0.000546 0.012494 6939.219238 0.000779 0.024989 6939.813477 0.000749 0.037483 6940.941406 0.000526 0.049977 6942.520020 0.000297 0.062472 6947.699219 0.000138 0.074966 6931.385742 0.000057 0.087460 6931.385742 0.000000
73 9 0.000000 0.099955
0.000000 6884.850586 0.000359 0.012494 6880.535156 0.000555 0.024989 6879.737793 0.000600 0.037483 6880.353516 0.000476 0.049977 6881.723145 0.000293 0.062472 6882.150391 0.000146 0.074966 6879.884277 0.000065 0.087460 6878.728516 0.000035 0.099955 6878.728516 0.000000
74 7 0.000000 0.074966
0.000000 6727.241211 0.000338 0.012494 6726.957520 0.000592 0.024989 6725.538086 0.000729 0.037483 6723.443359 0.000651 0.049977 6718.774414 0.000408 0.062472 6703.839355 0.000203 0.074966 6703.839355 0.000000
75 8 0.000000 0.087460
0.000000 6668.385254 0.000435 0.012494 6669.804688 0.000619 0.024989 6668.823730 0.000595 0.037483 6667.479004 0.000422 0.049977 6666.640625 0.000240 0.062472 6676.199707 0.000117 0.074966 6698.066895 0.000081 0.087460 6698.066895 0.000000
76 9 0.000000 0.099955
0.000000 6602.666992 0.000499 0.012494 6604.010254 0.000654 0.024989 6604.420410 0.000581 0.037483 6604.979980 0.000394 0.049977 6606.737305 0.000243 0.062472 6611.287598 0.000156 0.074966 6614.273438 0.000087 0.087460 6615.666504 0.000038 0.099955 6615.666504 0.000000
77 9 0.000000 0.099955
0.000000 6540.808105 0.000609 0.012494 6520.903809 0.000726 0.024989 6549.295410 0.000676 0.037483 6550.180176 0.000417 0.049977 6515.272461 0.000211 0.062472 6509.616211 0.000151 0.074966 6517.939453 0.000073 0.087460 6526.959473 0.000042 0.099955 6526.959473 0.000000
78 6 0.000000 0.087460
0.000000 6486.020020 0.000645 0.012494 6486.672852 0.000838 0.024989 6487.288574 0.000722 0.037483 6487.751465 0.000446 0.074966 6506.318848 0.000069 0.087460 6506.318848 0.000000
79 10 0.000000 0.112449
0.000000 6382.353516 0.000512 0.012494 6380.501953 0.000629 0.024989 6374.751465 0.000489 0.037483 6370.574219 0.000278 0.049977 6347.633301 0.000245 0.062472 6351.700195 0.000156 0.074966 6351.031250 0.000084 0.087460 6344.500488 0.000045 0.099955 6325.032715 0.000037 0.112449 6325.032715 0.000000
80 5 0.000000 0.049977
0.000000 6331.992676 0.000589 0.012494 6333.643555 0.000784 0.024989 6335.275879 0.000696 0.037483 6338.646484 0.000434 0.049977 6338.646484 0.000000
81 8 0.000000 0.087460
0.000000 6235.368164 0.000703 0.012494 6242.913574 0.000868 0.024989 6224.046875 0.000736 0.037483 6221.677734 0.000490 0.049977 6218.229980 0.000315 0.062472 6210.545410 0.000184 0.074966 6232.866699 0.000075 0.087460 6232.866699 0.000000
82 9 0.000000 0.099955
0.000000 6179.827148 0.000693 0.012494 6173.417480 0.000891 0.024989 6166.372559 0.000776 0.037483 6162.748047 0.000531 0.049977 6159.005371 0.000323 0.062472 6155.048340 0.000173 0.074966 6148.442383 0.000072 0.087460 6134.293457 0.000044 0.099955 6134.293457 0.000000
83 9 0.000000 0.099955
0.000000 6054.564941 0.000579 0.012494 6051.486816 0.000736 0.024989 6048.912598 0.000597 0.037483 6046.652344 0.000330 0.049977 6044.182617 0.000153 0.062472 6040.522949 0.000094 0.074966 6037.983887 0.000066 0.087460 6040.015137 0.000038 0.099955 6040.015137 0.000000
84 9 0.000000 0.099955
0.000000 5960.850098 0.000428 0.012494 5957.168945 0.000582 0.024989 5955.051270 0.000557 0.037483 5953.510742 0.000390 0.049977 5941.562012 0.000200 0.062472 5968.218262 0.000109 0.074966 5995.944336 0.000071 0.087460 6001.431641 0.000053 0.099955 6001.431641 0.000000
85 9 0.000000 0.099955
0.000000 5838.169922 0.000745 0.012494 5836.391602 0.000997 0.024989 5834.186035 0.000861 0.037483 5832.754883 0.000507 0.049977 5832.099121 0.000229 0.062472 5803.779297 0.000133 0.074966 5813.317383 0.000083 0.087460 5816.077148 0.000055 0.099955 5816.077148 0.000000
86 9 0.000000 0.112449
0.000000 5782.397949 0.000721 0.012494 5780.810547 0.001027 0.024989 5779.722656 0.000962 0.037483 5777.322266 0.000601 0.049977 5773.119141 0.000258 0.074966 5744.959961 0.000067 0.087460 5740.819336 0.000046 0.099955 5733.541504 0.000034 0.112449 5733.541504 0.000000
87 11 0.000000 0.124943
0.000000 5676.033691 0.000801 0.012494 5676.963867 0.001007 0.024989 5678.439453 0.000770 0.037483 5679.598633 0.000346 0.049977 5659.838867 0.000092 0.062472 5641.958496 0.000120 0.074966 5642.774902 0.000073 0.087460 5639.316895 0.000037 0.099955 5662.991699 0.000041 0.112449 5659.372559 0.000034 0.124943 5659.372559 0.000000
88 9 0.000000 0.099955
0.000000 5582.547363 0.000528 0.012494 5578.267090 0.000749 0.024989 5575.837891 0.000739 0.037483 5572.547852 0.000527 0.049977 5567.026367 0.000302 0.062472 5564.286621 0.000158 0.074966 5565.724121 0.000081 0.087460 5570.212891 0.000049 0.099955 5570.212891 0.000000
89 9 0.000000 0.099955
0.000000 5466.302734 0.000479 0.012494 5465.457520 0.000669 0.024989 5465.285645 0.000630 0.037483 5465.964355 0.000432 0.049977 5467.720703 0.000245 0.062472 5471.875977 0.000135 0.074966 5477.920410 0.000078 0.087460 5481.633789 0.000047 0.099955 5481.633789 0.000000
90 14 0.000000 0.162426
0.000000 5373.706055 0.000735 0.012494 5372.286133 0.001028 0.024989 5382.675781 0.000864 0.037483 5359.855957 0.000616 0.049977 5358.507324 0.000337 0.062472 5362.453125 0.000172 0.074966 5367.278809 0.000107 0.087460 5367.849609 0.000066 0.099955 5367.283691 0.000047 0.112449 5393.812500 0.000043 0.124943 5393.038086 0.000046 0.137438 5392.800293 0.000042 0.149932 5392.295898 0.000034 0.162426 5392.295898 0.000000
91 9 0.000000 0.099955
0.000000 5311.669922 0.000504 0.012494 5311.206543 0.000696 0.024989 5310.054199 0.000660 0.037483 5308.084473 0.000466 0.049977 5306.291016 0.000281 0.062472 5305.532227 0.000162 0.074966 5303.408691 0.000085 0.087460 5300.186035 0.000039 0.099955 5300.186035 0.000000
92 9 0.000000 0.099955
0.000000 5246.785156 0.000720 0.012494 5249.777832 0.001019 0.024989 5251.403809 0.001010 0.037483 5252.016113 0.000755 0.049977 5251.473145 0.000458 0.062472 5249.811523 0.000242 0.074966 5251.886719 0.000105 0.087460 5255.138672 0.000045 0.099955 5255.138672 0.000000
93 10 0.000000 0.112449
0.000000 5156.687500 0.001184 0.012494 5156.384766 0.001474 0.024989 5153.045410 0.001137 0.037483 5149.279785 0.000576 0.049977 5144.748535 0.000272 0.062472 5137.130371 0.000206 0.074966 5137.841309 0.000120 0.087460 5140.409180 0.000059 0.099955 5142.166016 0.000034 0.112449 5142.166016 0.000000
94 13 0.000000 0.149932
0.000000 5102.202148 0.001264 0.012494 5101.868652 0.001566 0.024989 5101.054199 0.001212 0.037483 5100.359375 0.000600 0.049977 5099.033203 0.000216 0.062472 5072.242188 0.000206 0.074966 5073.787109 0.000161 0.087460 5068.792480 0.000133 0.099955 5065.826660 0.000119 0.112449 5065.194336 0.000091 0.124943 5064.733398 0.000062 0.137438 5064.584961 0.000040 0.149932 5064.584961 0.000000
95 6 0.000000 0.062472
0.000000 5048.559570 0.001234 0.012494 5049.381348 0.001548 0.024989 5050.074707 0.001281 0.037483 5050.685547 0.000757 0.049977 5050.573730 0.000360 0.062472 5050.573730 0.000000
96 11 0.000000 0.124943
0.000000 4967.509277 0.001875 0.012494 4966.788574 0.002499 0.024989 4965.202637 0.002197 0.037483 4963.676270 0.001388 0.049977 4962.207520 0.000729 0.062472 4961.733887 0.000377 0.074966 4961.643066 0.000198 0.087460 4939.724121 0.000107 0.099955 4936.749023 0.000092 0.112449 4935.707031 0.000065 0.124943 4935.707031 0.000000
97 10 0.000000 0.112449
0.000000 4889.204102 0.001989 0.012494 4890.162109 0.002526 0.024989 4891.060547 0.002048 0.037483 4892.703613 0.001103 0.049977 4894.949219 0.000464 0.062472 4896.415527 0.000242 0.074966 4895.378418 0.000158 0.087460 4895.666504 0.000102 0.099955 4895.834473 0.000059 0.112449 4895.834473 0.000000
98 10 0.000000 0.162426
0.000000 4828.638672 0.002014 0.012494 4825.718262 0.002455 0.024989 4822.410645 0.001943 0.037483 4820.488281 0.001149 0.049977 4818.828613 0.000647 0.062472 4823.262695 0.000376 0.074966 4827.306641 0.000221 0.112449 4827.229492 0.000089 0.149932 4830.782227 0.000050 0.162426 4830.782227 0.000000
99 15 0.000000 0.187415
0.000000 4764.976563 0.002488 0.012494 4756.739746 0.002978 0.024989 4782.064453 0.002520 0.037483 4783.787598 0.001448 0.049977 4784.406250 0.000678 0.062472 4783.888184 0.000357 0.074966 4784.666504 0.000220 0.087460 4797.945801 0.000151 0.099955 4826.497070 0.000111 0.112449 4798.979980 0.000049 0.124943 4827.912109 0.000065 0.137438 4829.165039 0.000053 0.162426 4830.091309 0.000045 0.174921 4827.080078 0.000032 0.187415 4827.080078 0.000000
100 10 0.000000 0.112449
0.000000 4701.629395 0.003308 0.012494 4701.898926 0.004380 0.024989 4701.519043 0.003630 0.037483 4698.036133 0.001855 0.049977 4691.812012 0.000640 0.062472 4688.411621 0.000272 0.074966 4689.923340 0.000168 0.087460 4689.984863 0.000108 0.099955 4687.546875 0.000060 0.112449 4687.546875 0.000000
101 10 0.000000 0.124943
0.000000 4650.411133 0.002845 0.012494 4647.584473 0.003713 0.024989 4645.731934 0.003219 0.037483 4643.046387 0.001975 0.049977 4637.170898 0.001039 0.074966 4637.929199 0.000247 0.087460 4640.690918 0.000124 0.099955 4636.536621 0.000064 0.112449 4622.009277 0.000048 0.124943 4622.009277 0.000000
102 17 0.000000 0.224898
0.000000 4607.907715 0.002483 0.012494 4606.104004 0.003267 0.024989 4605.954102 0.002920 0.037483 4605.961914 0.001907 0.049977 4604.062012 0.000991 0.062472 4634.203613 0.000550 0.074966 4596.111816 0.000330 0.087460 4591.458008 0.000248 0.099955 4591.138184 0.000176 0.112449 4595.202148 0.000109 0.124943 4597.608887 0.000073 0.137438 4592.418945 0.000053 0.149932 4587.116211 0.000055 0.162426 4587.133789 0.000048 0.174921 4595.472168 0.000034 0.212404 4588.118164 0.000034 0.224898 4588.118164 0.000000
103 8 0.000000 0.087460
0.000000 4552.349609 0.002221 0.012494 4551.314941 0.002873 0.024989 4551.012695 0.002444 0.037483 4551.112793 0.001452 0.049977 4551.594727 0.000665 0.062472 4558.574219 0.000273 0.074966 4570.698242 0.000176 0.087460 4570.698242 0.000000
104 11 0.000000 0.124943
0.000000 4491.971191 0.002226 0.012494 4491.901855 0.002951 0.024989 4491.621582 0.002574 0.037483 4491.260742 0.001552 0.049977 4491.816406 0.000697 0.062472 4496.033203 0.000310 0.074966 4506.754883 0.000225 0.087460 4510.064941 0.000160 0.099955 4510.882813 0.000082 0.112449 4512.534668 0.000037 0.124943 4512.534668 0.000000
105 11 0.000000 0.124943
0.000000 4427.120117 0.002326 0.012494 4427.652344 0.003135 0.024989 4428.388184 0.002808 0.037483 4429.200195 0.001781 0.049977 4429.425781 0.000875 0.062472 4426.890625 0.000404 0.074966 4424.257324 0.000214 0.087460 4426.382813 0.000120 0.099955 4437.652344 0.000075 0.112449 4438.899902 0.000039 0.124943 4438.899902 0.000000
106 5 0.000000 0.049977
0.000000 4322.671387 0.002620 0.012494 4320.218750 0.003323 0.024989 4315.520996 0.002654 0.037483 4312.404297 0.001438 0.049977 4312.404297 0.000000
107 16 0.000000 0.212404
0.000000 4258.589844 0.002088 0.012494 4254.331543 0.002556 0.024989 4253.737793 0.002070 0.037483 4254.046875 0.001200 0.049977 4282.577148 0.000726 0.062472 4286.684082 0.000524 0.074966 4289.189453 0.000283 0.087460 4293.851563 0.000135 0.099955 4295.693359 0.000068 0.137438 4304.851074 0.000035 0.149932 4305.766602 0.000039 0.162426 4304.017578 0.000041 0.174921 4302.686523 0.000042 0.187415 4303.337891 0.000039 0.199909 4304.497559 0.000034 0.212404 4304.497559 0.000000
108 14 0.000000 0.174921
0.000000 4212.856445 0.001991 0.012494 4212.586914 0.002399 0.024989 4215.045410 0.001802 0.037483 4217.180176 0.000878 0.049977 4189.627441 0.000444 0.062472 4188.460938 0.000310 0.074966 4191.918457 0.000169 0.087460 4161.710938 0.000129 0.099955 4158.791992 0.000111 0.124943 4160.646484 0.000066 0.137438 4158.148438 0.000053 0.149932 4155.425293 0.000043 0.162426 4156.497559 0.000032 0.174921 4156.497559 0.000000
109 10 0.000000 0.162426
0.000000 4136.041992 0.002389 0.012494 4135.214355 0.002983 0.024989 4133.483398 0.002436 0.037483 4131.593262 0.001449 0.074966 4117.581055 0.000202 0.087460 4107.640137 0.000072 0.099955 4080.823975 0.000088 0.124943 4101.068848 0.000061 0.149932 4100.036133 0.000055 0.162426 4100.036133 0.000000
110 15 0.000000 0.199909
0.000000 4086.724854 0.002456 0.012494 4095.098633 0.002909 0.024989 4100.298828 0.002227 0.037483 4102.525879 0.001268 0.049977 4127.435059 0.000787 0.062472 4118.963379 0.000482 0.074966 4085.317383 0.000295 0.087460 4084.033691 0.000162 0.112449 4079.367920 0.000062 0.124943 4049.908447 0.000062 0.137438 4049.238037 0.000045 0.162426 4100.145020 0.000046 0.174921 4099.541504 0.000039 0.187415 4099.826660 0.000034 0.199909 4099.826660 0.000000
111 10 0.000000 0.112449
0.000000 4030.796875 0.003395 0.012494 4032.080322 0.004474 0.024989 4033.168945 0.003774 0.037483 4035.083740 0.002061 0.049977 4039.385010 0.000781 0.062472 4043.154297 0.000321 0.074966 4042.404785 0.000184 0.087460 4039.770020 0.000138 0.099955 4040.166992 0.000101 0.112449 4040.166992 0.000000
112 11 0.000000 0.124943
0.000000 3987.151855 0.002843 0.012494 3983.127441 0.003375 0.024989 3981.665771 0.002496 0.037483 3980.632813 0.001163 0.049977 3980.437744 0.000366 0.062472 3957.821289 0.000207 0.074966 3954.061035 0.000163 0.087460 3956.076660 0.000136 0.099955 3958.140137 0.000093 0.112449 3958.152100 0.000052 0.124943 3958.152100 0.000000
113 10 0.000000 0.112449
0.000000 3931.415039 0.003421 0.012494 3930.611816 0.004498 0.024989 3929.393066 0.003800 0.037483 3927.297119 0.002137 0.049977 3922.575928 0.000900 0.062472 3915.239502 0.000468 0.074966 3913.817627 0.000242 0.087460 3907.391846 0.000127 0.099955 3904.059326 0.000071 0.112449 3904.059326 0.000000
114 13 0.000000 0.149932
0.000000 3840.240234 0.002258 0.012494 3841.800049 0.002700 0.024989 3841.533691 0.002158 0.037483 3840.907959 0.001307 0.049977 3839.487549 0.000724 0.062472 3839.885010 0.000385 0.074966 3844.322510 0.000160 0.087460 3867.903564 0.000132 0.099955 3861.566162 0.000082 0.112449 3823.847656 0.000034 0.124943 3825.217285 0.000034 0.137438 3825.782715 0.000032 0.149932 3825.782715 0.000000
115 10 0.000000 0.112449
0.000000 3717.496338 0.003496 0.012494 3721.633301 0.004275 0.024989 3721.338623 0.003328 0.037483 3720.599854 0.001754 0.049977 3719.252441 0.000751 0.062472 3707.451660 0.000350 0.074966 3728.297607 0.000158 0.087460 3738.249512 0.000136 0.099955 3736.427490 0.000093 0.112449 3736.427490 0.000000
116 16 0.000000 0.212404
0.000000 3668.331787 0.004121 0.012494 3665.556885 0.005326 0.024989 3663.097168 0.004392 0.037483 3660.617920 0.002394 0.049977 3655.766602 0.000949 0.062472 3649.650879 0.000383 0.074966 3633.652832 0.000156 0.087460 3609.852051 0.000129 0.099955 3610.240967 0.000095 0.137438 3611.279785 0.000069 0.149932 3610.307861 0.000062 0.162426 3610.263428 0.000054 0.174921 3610.587891 0.000046 0.187415 3610.706787 0.000039 0.199909 3610.425781 0.000032 0.212404 3610.425781 0.000000
117 13 0.000000 0.149932
0.000000 3541.580078 0.003062 0.012494 3542.039307 0.003732 0.024989 3541.466553 0.002980 0.037483 3540.747314 0.001778 0.049977 3538.300537 0.001014 0.062472 3531.148193 0.000692 0.074966 3531.359863 0.000363 0.087460 3531.735596 0.000157 0.099955 3527.258301 0.000073 0.112449 3514.063721 0.000051 0.124943 3504.962646 0.000046 0.137438 3504.540527 0.000038 0.149932 3504.540527 0.000000
118 14 0.000000 0.162426
0.000000 3475.981934 0.003509 0.012494 3477.699219 0.004398 0.024989 3481.306152 0.003444 0.037483 3482.998291 0.001789 0.049977 3483.939697 0.000742 0.062472 3483.292969 0.000358 0.074966 3483.309814 0.000186 0.087460 3484.023682 0.000095 0.099955 3458.664551 0.000100 0.112449 3461.394775 0.000099 0.124943 3460.820801 0.000081 0.137438 3460.122314 0.000057 0.149932 3460.088379 0.000036 0.162426 3460.088379 0.000000
119 10 0.000000 0.112449
0.000000 3272.830322 0.003017 0.012494 3269.616211 0.003827 0.024989 3267.943359 0.003051 0.037483 3267.510986 0.001558 0.049977 3267.800049 0.000563 0.062472 3269.325684 0.000242 0.074966 3271.345215 0.000147 0.087460 3271.696289 0.000082 0.099955 3298.925781 0.000065 0.112449 3298.925781 0.000000
120 11 0.000000 0.124943
0.000000 3210.888916 0.002634 0.012494 3212.681152 0.003399 0.024989 3214.958008 0.002890 0.037483 3216.664795 0.001803 0.049977 3217.825928 0.000959 0.062472 3213.791260 0.000480 0.074966 3210.029297 0.000244 0.087460 3208.787354 0.000123 0.099955 3208.232666 0.000075 0.112449 3210.556641 0.000041 0.124943 3210.556641 0.000000
121 14 0.000000 0.162426
0.000000 3049.467285 0.002155 0.012494 3049.993652 0.002664 0.024989 3046.519287 0.002092 0.037483 3043.300781 0.001214 0.049977 3040.113525 0.000741 0.062472 3040.038330 0.000522 0.074966 3043.705811 0.000333 0.087460 3046.801025 0.000195 0.099955 3051.199707 0.000126 0.112449 3054.242188 0.000087 0.124943 3054.555664 0.000061 0.137438 3051.868896 0.000045 0.149932 3044.913330 0.000038 0.162426 3044.913330 0.000000
122 10 0.000000 0.124943
0.000000 2979.874023 0.002940 0.012494 2980.399414 0.003870 0.024989 2980.598633 0.003393 0.037483 2981.062988 0.002147 0.049977 2982.621338 0.001099 0.062472 2986.656006 0.000525 0.074966 2986.487549 0.000201 0.087460 2985.195068 0.000062 0.112449 2962.540283 0.000038 0.124943 2962.540283 0.000000
123 22 0.000000 0.274875
0.000000 2914.599121 0.002760 0.012494 2913.795654 0.003445 0.024989 2914.837646 0.002703 0.037483 2917.827637 0.001377 0.049977 2947.178711 0.000708 0.062472 2947.297119 0.000468 0.074966 2948.518799 0.000275 0.087460 2951.685791 0.000152 0.099955 2952.897949 0.000083 0.124943 2905.562012 0.000088 0.137438 2906.187744 0.000085 0.149932 2909.619141 0.000083 0.162426 2912.491699 0.000084 0.174921 2912.870117 0.000086 0.187415 2911.947754 0.000086 0.199909 2911.343506 0.000082 0.212404 2911.764893 0.000072 0.224898 2912.193604 0.000061 0.237392 2911.657471 0.000052 0.249887 2910.399658 0.000045 0.262381 2909.662598 0.000037 0.274875 2909.662598 0.000000
124 13 0.000000 0.149932
0.000000 2863.116211 0.002784 0.012494 2863.044189 0.003683 0.024989 2862.816406 0.003296 0.037483 2861.987305 0.002192 0.049977 2859.378906 0.001258 0.062472 2855.302979 0.000744 0.074966 2854.592285 0.000384 0.087460 2854.364014 0.000178 0.099955 2853.608643 0.000093 0.112449 2854.202148 0.000067 0.124943 2857.023682 0.000059 0.137438 2858.063232 0.000048 0.149932 2858.063232 0.000000
125 18 0.000000 0.212404
0.000000 2680.362549 0.002351 0.012494 2682.334961 0.003262 0.024989 2682.897705 0.003057 0.037483 2682.777100 0.002115 0.049977 2682.090576 0.001242 0.062472 2681.261963 0.000709 0.074966 2683.938477 0.000382 0.087460 2687.231201 0.000229 0.099955 2688.035889 0.000180 0.112449 2687.804199 0.000160 0.124943 2687.427979 0.000138 0.137438 2686.106689 0.000115 0.149932 2684.468750 0.000096 0.162426 2684.925537 0.000076 0.174921 2685.451172 0.000059 0.187415 2685.026123 0.000046 0.199909 2684.556396 0.000035 0.212404 2684.556396 0.000000
126 9 0.000000 0.099955
0.000000 2605.154297 0.002306 0.012494 2604.079102 0.002971 0.024989 2602.312988 0.002492 0.037483 2600.211426 0.001480 0.049977 2596.967773 0.000746 0.062472 2593.126953 0.000389 0.074966 2593.730957 0.000164 0.087460 2591.440186 0.000056 0.099955 2591.440186 0.000000
127 17 0.000000 0.199909
0.000000 2510.562012 0.002622 0.012494 2508.023438 0.003448 0.024989 2505.292480 0.002828 0.037483 2500.661133 0.001454 0.049977 2497.428955 0.000502 0.062472 2500.222168 0.000160 0.074966 2475.968994 0.000150 0.087460 2523.220703 0.000100 0.099955 2552.070801 0.000195 0.112449 2551.446777 0.000192 0.124943 2548.369385 0.000143 0.137438 2543.759033 0.000091 0.149932 2541.042236 0.000059 0.162426 2542.028809 0.000045 0.174921 2544.971924 0.000040 0.187415 2545.049561 0.000034 0.199909 2545.049561 0.000000
128 15 0.000000 0.174921
0.000000 2397.573242 0.002619 0.012494 2392.972412 0.003548 0.024989 2390.634277 0.003221 0.037483 2389.789307 0.002135 0.049977 2390.873779 0.001154 0.062472 2397.142334 0.000638 0.074966 2399.249023 0.000347 0.087460 2401.149170 0.000180 0.099955 2402.530762 0.000107 0.112449 2403.547852 0.000064 0.124943 2405.160156 0.000047 0.137438 2404.373779 0.000045 0.149932 2401.850830 0.000044 0.162426 2399.938477 0.000038 0.174921 2399.938477 0.000000
129 19 0.000000 0.224898
0.000000 2275.516602 0.001886 0.012494 2274.836914 0.002685 0.024989 2271.409180 0.002379 0.037483 2264.701172 0.001361 0.049977 2257.511475 0.000569 0.062472 2252.140625 0.000240 0.074966 2282.625488 0.000158 0.087460 2278.819092 0.000162 0.099955 2281.083984 0.000141 0.112449 2260.334473 0.000078 0.124943 2244.646484 0.000067 0.137438 2244.041992 0.000059 0.149932 2249.511475 0.000062 0.162426 2263.905273 0.000064 0.174921 2269.779053 0.000049 0.187415 2271.329102 0.000037 0.199909 2247.664063 0.000033 0.212404 2248.337402 0.000033 0.224898 2248.337402 0.000000
130 15 0.000000 0.174921
0.000000 2098.681641 0.003818 0.012494 2101.657471 0.005371 0.024989 2100.567871 0.004733 0.037483 2099.122070 0.002693 0.049977 2096.889648 0.001068 0.062472 2127.260742 0.000694 0.074966 2123.861328 0.000436 0.087460 2121.942871 0.000257 0.099955 2104.914063 0.000137 0.112449 2138.011475 0.000076 0.124943 2140.152344 0.000051 0.137438 2136.327148 0.000044 0.149932 2123.338623 0.000044 0.162426 2126.468994 0.000033 0.174921 2126.468994 0.000000
131 19 0.000000 0.224898
0.000000 2023.889282 0.003565 0.012494 2015.548584 0.005131 0.024989 2011.039307 0.004963 0.037483 2008.437988 0.003227 0.049977 2006.123901 0.001336 0.062472 1981.234741 0.000545 0.074966 1985.344604 0.000407 0.087460 1988.131104 0.000381 0.099955 1988.950073 0.000288 0.112449 1956.598389 0.000281 0.124943 1958.054810 0.000178 0.137438 1958.607788 0.000103 0.149932 1985.518311 0.000091 0.162426 1985.124390 0.000076 0.174921 1984.943726 0.000066 0.187415 1983.293701 0.000057 0.199909 1981.636230 0.000047 0.212404 1986.060181 0.000035 0.224898 1986.060181 0.000000
132 16 0.000000 0.187415
0.000000 1850.992920 0.003891 0.012494 1848.770386 0.006258 0.024989 1848.967529 0.006431 0.037483 1850.865479 0.004352 0.049977 1852.366333 0.001980 0.062472 1866.443359 0.000713 0.074966 1839.419922 0.000429 0.087460 1842.635620 0.000264 0.099955 1846.917725 0.000155 0.112449 1842.299316 0.000070 0.124943 1865.000244 0.000052 0.137438 1865.923706 0.000054 0.149932 1867.132324 0.000056 0.162426 1869.178833 0.000053 0.174921 1871.638184 0.000044 0.187415 1871.638184 0.000000
133 21 0.000000 0.249887
0.000000 1747.039917 0.001627 0.012494 1741.278564 0.002214 0.024989 1739.805176 0.002166 0.037483 1739.187622 0.001602 0.049977 1769.096680 0.001681 0.062472 1764.228149 0.001227 0.074966 1762.025635 0.000652 0.087460 1750.281128 0.000325 0.099955 1720.791504 0.000264 0.112449 1721.738525 0.000267 0.124943 1720.859375 0.000252 0.137438 1718.588257 0.000230 0.149932 1716.441895 0.000214 0.162426 1715.446655 0.000196 0.174921 1716.046265 0.000170 0.187415 1717.014648 0.000140 0.199909 1717.386353 0.000113 0.212404 1717.391357 0.000089 0.224898 1718.315186 0.000064 0.237392 1720.685547 0.000043 0.249887 1720.685547 0.000000
134 14 0.000000 0.162426
0.000000 1628.327637 0.004275 0.012494 1626.049805 0.006759 0.024989 1627.738037 0.006738 0.037483 1630.395508 0.004615 0.049977 1631.577271 0.002640 0.062472 1631.486328 0.001632 0.074966 1631.309448 0.001059 0.087460 1636.252808 0.000583 0.099955 1643.864136 0.000359 0.112449 1645.184814 0.000228 0.124943 1674.446899 0.000109 0.137438 1638.396484 0.000105 0.149932 1634.482544 0.000068 0.162426 1634.482544 0.000000
135 16 0.000000 0.187415
0.000000 1545.794434 0.003949 0.012494 1551.286621 0.007377 0.024989 1554.537964 0.009032 0.037483 1556.637939 0.007550 0.049977 1557.491577 0.004556 0.062472 1557.370117 0.002291 0.074966 1557.115967 0.001246 0.087460 1558.537598 0.000732 0.099955 1559.780396 0.000403 0.112449 1562.917480 0.000234 0.124943 1566.583862 0.000167 0.137438 1568.406128 0.000114 0.149932 1571.594360 0.000071 0.162426 1575.859375 0.000047 0.174921 1578.854248 0.000036 0.187415 1578.854248 0.000000
136 25 0.000000 0.299864
0.000000 1438.886475 0.002768 0.012494 1438.770630 0.004703 0.024989 1437.899658 0.005693 0.037483 1436.462036 0.005001 0.049977 1427.501831 0.003099 0.062472 1403.701904 0.002903 0.074966 1376.643677 0.002650 0.087460 1378.474243 0.001675 0.099955 1377.241333 0.001182 0.112449 1372.757813 0.000768 0.124943 1344.260498 0.001717 0.137438 1343.932739 0.001408 0.149932 1344.239868 0.001139 0.162426 1345.003784 0.000919 0.174921 1344.541016 0.000707 0.187415 1343.811523 0.000532 0.199909 1344.228271 0.000411 0.212404 1345.446167 0.000323 0.224898 1345.203247 0.000236 0.237392 1343.735229 0.000160 0.249887 1343.427246 0.000110 0.262381 1344.271729 0.000082 0.274875 1344.141724 0.000061 0.287370 1343.081909 0.000043 0.299864 1343.081909 0.000000
137 11 0.000000 0.124943
0.000000 1369.301514 0.008816 0.012494 1374.849487 0.014737 0.024989 1377.723755 0.017375 0.037483 1378.849976 0.014986 0.049977 1377.976318 0.009682 0.062472 1376.008545 0.005143 0.074966 1343.383057 0.003914 0.087460 1343.679565 0.002884 0.099955 1344.582397 0.002293 0.112449 1344.563721 0.001999 0.124943 1344.563721 0.000000
138 19 0.000000 0.224898
0.000000 1249.738159 0.003995 0.012494 1249.669312 0.006523 0.024989 1250.461548 0.007025 0.037483 1250.883301 0.005417 0.049977 1250.566040 0.003182 0.062472 1241.762695 0.001527 0.074966 1233.194092 0.000848 0.087460 1231.405273 0.000427 0.099955 1233.607178 0.000220 0.112449 1235.484009 0.000175 0.124943 1240.314697 0.000158 0.137438 1248.503418 0.000133 0.149932 1249.854736 0.000098 0.162426 1248.190063 0.000067 0.174921 1245.311157 0.000058 0.187415 1245.286377 0.000054 0.199909 1246.530640 0.000048 0.212404 1247.137329 0.000039 0.224898 1247.137329 0.000000
139 18 0.000000 0.212404
0.000000 1203.656494 0.004210 0.012494 1202.098389 0.006758 0.024989 1198.844971 0.007250 0.037483 1195.110229 0.005838 0.049977 1188.291748 0.003926 0.062472 1181.677734 0.002219 0.074966 1182.071533 0.000952 0.087460 1182.817871 0.000597 0.099955 1184.925049 0.000570 0.112449 1191.063599 0.000458 0.124943 1192.917725 0.000308 0.137438 1192.769043 0.000199 0.149932 1190.955811 0.000143 0.162426 1190.798950 0.000104 0.174921 1192.376831 0.000073 0.187415 1195.121338 0.000053 0.199909 1193.805420 0.000038 0.212404 1193.805420 0.000000
140 21 0.000000 0.249887
0.000000 1123.265015 0.009055 0.012494 1120.447876 0.014762 0.024989 1111.707275 0.015197 0.037483 1101.625000 0.011163 0.049977 1071.826538 0.008396 0.062472 1075.997314 0.003418 0.074966 1076.396484 0.001973 0.087460 1058.571045 0.002455 0.099955 1034.794678 0.003639 0.112449 1037.223511 0.002860 0.124943 1034.995850 0.001792 0.137438 1031.802368 0.000916 0.149932 1032.560181 0.000431 0.162426 1049.062012 0.000291 0.174921 1050.813232 0.000216 0.187415 1052.450684 0.000122 0.199909 1049.616943 0.000063 0.212404 1035.326294 0.000052 0.224898 1036.052368 0.000044 0.237392 1037.175415 0.000034 0.249887 1037.175415 0.000000
141 9 0.000000 0.099955
0.000000 1045.560669 0.010467 0.012494 1035.550415 0.015250 0.024989 1032.447754 0.017142 0.037483 1031.787720 0.016812 0.049977 1033.024902 0.015090 0.062472 1034.897095 0.011982 0.074966 1033.565552 0.007827 0.087460 1032.907227 0.004904 0.099955 1032.907227 0.000000
142 40 0.000000 0.487279
0.000000 980.939453 0.007463 0.012494 969.084595 0.011272 0.024989 960.128601 0.012943 0.037483 953.590881 0.010985 0.049977 950.207703 0.006791 0.062472 946.547791 0.003815 0.074966 944.814087 0.002400 0.087460 948.414063 0.001532 0.099955 922.818542 0.001497 0.112449 925.606323 0.001340 0.124943 922.945435 0.001127 0.137438 920.791748 0.000948 0.149932 921.059326 0.000794 0.162426 922.316406 0.000675 0.174921 921.886169 0.000566 0.187415 921.417725 0.000486 0.199909 921.502930 0.000433 0.212404 921.051697 0.000390 0.224898 921.154236 0.000348 0.237392 921.705750 0.000309 0.249887 921.568787 0.000276 0.262381 921.264160 0.000249 0.274875 921.429382 0.000221 0.287370 921.676086 0.000193 0.299864 921.728821 0.000171 0.312358 921.513733 0.000154 0.324853 921.283569 0.000140 0.337347 921.449036 0.000126 0.349841 921.666016 0.000111 0.362336 921.728394 0.000099 0.374830 921.578918 0.000088 0.387324 921.327454 0.000077 0.399819 921.413208 0.000068 0.412313 921.648987 0.000060 0.424807 921.557983 0.000054 0.437302 921.415283 0.000047 0.449796 921.502075 0.000041 0.462290 921.607666 0.000037 0.474785 921.657593 0.000034 0.487279 921.657593 0.000000
143 39 0.000000 0.474785
0.000000 866.419434 0.025734 0.012494 865.985901 0.047038 0.024989 864.641174 0.057845 0.037483 861.675842 0.050366 0.049977 856.182129 0.034425 0.062472 850.819702 0.022158 0.074966 848.914490 0.013457 0.087460 851.583557 0.007975 0.099955 854.882141 0.005724 0.112449 856.420349 0.004399 0.124943 858.169983 0.002781 0.137438 841.537842 0.001860 0.149932 842.449768 0.001525 0.162426 853.293579 0.001847 0.174921 854.427551 0.002004 0.187415 856.318237 0.001632 0.199909 859.577393 0.001135 0.212404 861.427307 0.000822 0.224898 860.813538 0.000702 0.237392 858.867554 0.000680 0.249887 858.610962 0.000627 0.262381 859.299194 0.000536 0.274875 859.455627 0.000455 0.287370 859.045349 0.000392 0.299864 859.028442 0.000330 0.312358 859.918823 0.000265 0.324853 860.641968 0.000214 0.337347 860.197998 0.000185 0.349841 858.912231 0.000169 0.362336 858.080505 0.000152 0.374830 858.331055 0.000126 0.387324 859.007019 0.000100 0.399819 859.512878 0.000078 0.412313 859.819885 0.000062 0.424807 859.958191 0.000050 0.437302 859.553589 0.000044 0.449796 858.377502 0.000040 0.462290 857.421143 0.000035 0.474785 857.421143 0.000000
144 39 0.000000 0.474785
0.000000 673.145020 0.031218 0.012494 678.219849 0.061397 0.024989 680.155151 0.081400 0.037483 681.107300 0.077881 0.049977 680.075256 0.056554 0.062472 676.887146 0.035715 0.074966 673.301392 0.024287 0.087460 669.121155 0.018103 0.099955 667.617981 0.013223 0.112449 667.380920 0.009558 0.124943 666.008484 0.007551 0.137438 661.964844 0.006705 0.149932 658.805603 0.005783 0.162426 657.146057 0.004240 0.174921 655.091797 0.002508 0.187415 650.489197 0.001273 0.199909 649.818909 0.000633 0.212404 661.610046 0.000455 0.224898 663.773438 0.000615 0.237392 661.632996 0.000659 0.249887 659.868713 0.000652 0.262381 658.230713 0.000530 0.274875 662.335754 0.000335 0.287370 666.061646 0.000210 0.299864 664.481812 0.000160 0.312358 651.916077 0.000174 0.324853 650.843933 0.000168 0.337347 647.787781 0.000130 0.349841 646.054932 0.000101 0.362336 645.895935 0.000082 0.374830 645.890381 0.000068 0.387324 645.629578 0.000061 0.399819 646.614990 0.000063 0.412313 648.358276 0.000068 0.424807 649.905823 0.000069 0.437302 650.588440 0.000062 0.449796 649.381470 0.000049 0.462290 648.019470 0.000037 0.474785 648.019470 0.000000
145 30 0.000000 0.387324
0.000000 543.560303 0.029370 0.012494 538.185608 0.049125 0.024989 532.512695 0.058613 0.037483 526.607971 0.056087 0.049977 522.824768 0.046763 0.062472 521.342407 0.034666 0.074966 522.251221 0.023820 0.087460 524.448486 0.015974 0.099955 524.433350 0.010452 0.112449 522.222900 0.006863 0.124943 522.326355 0.004452 0.137438 523.296631 0.002846 0.149932 523.446411 0.001891 0.162426 524.066711 0.001281 0.174921 524.180725 0.000868 0.187415 523.289124 0.000632 0.199909 521.938171 0.000490 0.212404 519.551697 0.000394 0.224898 491.207306 0.000599 0.237392 492.543732 0.000484 0.249887 517.438782 0.000157 0.262381 520.555847 0.000107 0.299864 519.239380 0.000083 0.312358 519.620117 0.000073 0.324853 491.007721 0.000082 0.337347 491.892059 0.000068 0.349841 491.675537 0.000052 0.362336 491.314117 0.000041 0.374830 520.983459 0.000033 0.387324 520.983459 0.000000
146 58 0.000000 0.712177
0.000000 441.730469 0.018448 0.012494 441.220764 0.025187 0.024989 442.959930 0.023100 0.037483 446.240875 0.016741 0.049977 455.425720 0.014687 0.062472 456.707367 0.014917 0.074966 453.662201 0.012038 0.087460 452.943207 0.010508 0.099955 454.004517 0.010143 0.112449 454.267242 0.009633 0.124943 453.740784 0.008427 0.137438 452.827759 0.007131 0.149932 452.225311 0.005944 0.162426 452.044159 0.004904 0.174921 451.747345 0.004080 0.187415 451.430145 0.003494 0.199909 451.624298 0.003106 0.212404 451.876953 0.002853 0.224898 452.164520 0.002687 0.237392 452.409973 0.002550 0.249887 452.708923 0.002408 0.262381 452.882202 0.002238 0.274875 452.975037 0.002035 0.287370 452.973114 0.001809 0.299864 452.906464 0.001570 0.312358 452.730255 0.001344 0.324853 452.605621 0.001133 0.337347 452.340698 0.000949 0.349841 452.010559 0.000792 0.362336 451.711700 0.000667 0.374830 451.489960 0.000575 0.387324 451.576752 0.000505 0.399819 451.693878 0.000458 0.412313 451.930206 0.000419 0.424807 452.261688 0.000388 0.437302 452.518188 0.000360 0.449796 452.851410 0.000330 0.462290 452.856293 0.000300 0.474785 452.851044 0.000268 0.487279 452.890625 0.000235 0.499773 452.878143 0.000203 0.512268 452.861694 0.000173 0.524762 452.494965 0.000147 0.537256 451.990509 0.000122 0.549751 451.705353 0.000102 0.562245 451.510254 0.000086 0.574739 451.605072 0.000076 0.587234 451.912079 0.000070 0.599728 452.325165 0.000067 0.612222 452.688446 0.000064 0.624717 452.743042 0.000061 0.637211 452.964142 0.000058 0.649705 453.433929 0.000054 0.662200 453.545898 0.000049 0.674694 453.598877 0.000043 0.687188 453.020081 0.000037 0.699683 452.278717 0.000032 0.712177 452.278717 0.000000
147 68 0.000000 0.837120
0.000000 363.590332 0.035154 0.012494 354.930725 0.063770 0.024989 344.878387 0.088700 0.037483 339.302216 0.103240 0.049977 335.516022 0.105308 0.062472 332.122559 0.106759 0.074966 329.615387 0.111056 0.087460 326.622162 0.116079 0.099955 326.697784 0.109412 0.112449 327.347626 0.095340 0.124943 325.963257 0.084914 0.137438 324.617767 0.074988 0.149932 326.562653 0.059504 0.162426 326.723755 0.046476 0.174921 323.284943 0.037042 0.187415 322.677307 0.025375 0.199909 328.518616 0.014494 0.212404 332.138153 0.008143 0.224898 334.593964 0.006066 0.237392 331.769318 0.007013 0.249887 304.609955 0.015390 0.262381 301.474060 0.012306 0.274875 302.740662 0.011518 0.287370 324.130432 0.019896 0.299864 324.369873 0.021321 0.312358 325.598602 0.021170 0.324853 325.328094 0.021282 0.337347 324.319885 0.021512 0.349841 324.771820 0.020544 0.362336 325.427734 0.019054 0.374830 324.948456 0.017953 0.387324 324.371735 0.016782 0.399819 324.962097 0.014935 0.412313 325.305969 0.013113 0.424807 324.683929 0.011658 0.437302 324.359436 0.010113 0.449796 325.068848 0.008302 0.462290 325.203339 0.006728 0.474785 324.141357 0.005447 0.487279 323.681488 0.004124 0.499773 324.752411 0.002771 0.512268 323.801117 0.001716 0.524762 315.685333 0.001279 0.537256 312.317902 0.001329 0.549751 317.746857 0.001182 0.562245 324.007813 0.001461 0.574739 324.810638 0.001887 0.587234 324.164886 0.002296 0.599728 324.326691 0.002573 0.612222 324.985992 0.002712 0.624717 325.059784 0.002812 0.637211 324.799530 0.002875 0.649705 324.965759 0.002845 0.662200 325.270233 0.002741 0.674694 325.226257 0.002619 0.687188 325.085480 0.002466 0.699683 325.242249 0.002255 0.712177 325.402161 0.002016 0.724671 325.266846 0.001778 0.737166 325.183441 0.001532 0.749660 325.384155 0.001274 0.762154 325.384125 0.001026 0.774649 324.997040 0.000799 0.787143 324.696533 0.000583 0.799637 324.503021 0.000383 0.812132 323.165924 0.000222 0.824626 319.425629 0.000120 0.837120 314.327850 0.000064
148 20 0.000000 0.287370
0.000000 305.552704 0.024786 0.012494 304.144531 0.047053 0.024989 303.005005 0.067217 0.037483 303.007568 0.078778 0.049977 302.256439 0.082654 0.062472 301.549225 0.086387 0.074966 303.122040 0.090995 0.099955 303.810516 0.073550 0.112449 301.868561 0.059905 0.124943 304.805786 0.055866 0.149932 302.639465 0.041100 0.162426 301.693665 0.034536 0.174921 306.825745 0.034127 0.187415 305.775024 0.031467 0.199909 302.616608 0.024758 0.212404 301.928741 0.020797 0.224898 303.757965 0.019773 0.237392 305.604919 0.018899 0.274875 326.241699 0.017013 0.287370 326.241699 0.000000
149 68 0.000000 0.837120
0.000000 204.609344 0.257319 0.012494 203.650146 0.558203 0.024989 202.721298 0.839714 0.037483 201.564026 0.960706 0.049977 200.028458 0.916322 0.062472 198.446671 0.812085 0.074966 197.474304 0.726186 0.087460 197.124786 0.666859 0.099955 196.918167 0.614311 0.112449 196.543732 0.556172 0.124943 196.181702 0.495693 0.137438 195.950439 0.437714 0.149932 195.724884 0.382746 0.162426 195.387009 0.330881 0.174921 195.023407 0.284765 0.187415 194.767212 0.246685 0.199909 194.643387 0.216355 0.212404 194.605194 0.192035 0.224898 194.602676 0.171947 0.237392 194.603867 0.154831 0.249887 194.601944 0.139977 0.262381 194.610001 0.127006 0.274875 194.641937 0.115619 0.287370 194.687836 0.105459 0.299864 194.724518 0.096176 0.312358 194.742279 0.087560 0.324853 194.738098 0.079540 0.337347 194.718872 0.072109 0.349841 194.698380 0.065290 0.362336 194.682220 0.059095 0.374830 194.672012 0.053496 0.387324 194.663132 0.048444 0.399819 194.653000 0.043889 0.412313 194.644897 0.039785 0.424807 194.638153 0.036087 0.437302 194.635559 0.032752 0.449796 194.638428 0.029748 0.462290 194.643600 0.027056 0.474785 194.651840 0.024640 0.487279 194.663971 0.022457 0.499773 194.680801 0.020475 0.512268 194.699539 0.018670 0.524762 194.713120 0.017022 0.537256 194.716232 0.015513 0.549751 194.711136 0.014128 0.562245 194.710220 0.012865 0.574739 194.712738 0.011716 0.587234 194.715515 0.010674 0.599728 194.729080 0.009731 0.612222 194.752029 0.008880 0.624717 194.772156 0.008109 0.637211 194.782303 0.007407 0.649705 194.791702 0.006764 0.662200 194.815613 0.006176 0.674694 194.840240 0.005641 0.687188 194.853394 0.005152 0.699683 194.859512 0.004700 0.712177 194.862289 0.004278 0.724671 194.872131 0.003887 0.737166 194.875443 0.003529 0.749660 194.856171 0.003202 0.762154 194.852737 0.002909 0.774649 194.896378 0.002651 0.787143 194.939377 0.002421 0.799637 194.940536 0.002206 0.812132 194.933807 0.001947 0.824626 194.958862 0.001554 0.837120 195.013443 0.001013
150 6 0.012494 0.074966
0.012494 12466.478516 0.000339 0.024989 12463.209961 0.000279 0.037483 12459.762695 0.000154 0.049977 12450.970703 0.000068 0.062472 12444.369141 0.000033 0.074966 12444.369141 0.000000
151 5 0.012494 0.062472
0.012494 12302.061523 0.000370 0.024989 12295.312500 0.000279 0.037483 12292.646484 0.000133 0.049977 12289.673828 0.000043 0.062472 12289.673828 0.000000
152 4 0.012494 0.049977
0.012494 11488.776367 0.000427 0.024989 11491.829102 0.000322 0.037483 11492.959961 0.000165 0.049977 11492.959961 0.000000
153 5 0.012494 0.062472
0.012494 11429.321289 0.000508 0.024989 11432.092773 0.000386 0.037483 11433.281250 0.000187 0.049977 11434.313477 0.000064 0.062472 11434.313477 0.000000
154 6 0.012494 0.074966
0.012494 11140.887695 0.000534 0.024989 11136.931641 0.000449 0.037483 11133.288086 0.000257 0.049977 11125.120117 0.000116 0.062472 11117.639648 0.000054 0.074966 11117.639648 0.000000
155 7 0.012494 0.087460
0.012494 10620.612305 0.000367 0.024989 10619.882813 0.000285 0.037483 10590.165039 0.000170 0.049977 10563.928711 0.000098 0.062472 10567.534180 0.000066 0.074966 10568.093750 0.000037 0.087460 10568.093750 0.000000
156 5 0.012494 0.062472
0.012494 10589.104492 0.000383 0.024989 10590.027344 0.000301 0.037483 10561.049805 0.000183 0.049977 10532.671875 0.000105 0.062472 10532.671875 0.000000
157 4 0.012494 0.049977
0.012494 10471.180664 0.000601 0.024989 10447.185547 0.000457 0.037483 10474.403320 0.000219 0.049977 10474.403320 0.000000
158 5 0.012494 0.062472
0.012494 10329.296875 0.000815 0.024989 10331.694336 0.000615 0.037483 10331.696289 0.000280 0.049977 10326.982422 0.000071 0.062472 10326.982422 0.000000
159 5 0.012494 0.062472
0.012494 10187.250977 0.000838 0.024989 10184.670898 0.000634 0.037483 10183.245117 0.000296 0.049977 10183.308594 0.000083 0.062472 10183.308594 0.000000
160 6 0.012494 0.074966
0.012494 10096.063477 0.000730 0.024989 10093.239258 0.000557 0.037483 10091.514648 0.000272 0.049977 10089.359375 0.000090 0.062472 10086.607422 0.000032 0.074966 10086.607422 0.000000
161 7 0.012494 0.087460
0.012494 9401.658203 0.000767 0.024989 9399.734375 0.000585 0.037483 9399.778320 0.000287 0.049977 9400.253906 0.000107 0.062472 9399.882813 0.000055 0.074966 9397.093750 0.000037 0.087460 9397.093750 0.000000
162 7 0.012494 0.087460
0.012494 9287.832031 0.000809 0.024989 9283.925781 0.000618 0.037483 9282.841797 0.000321 0.049977 9283.112305 0.000143 0.062472 9286.000000 0.000086 0.074966 9284.060547 0.000051 0.087460 9284.060547 0.000000
163 5 0.012494 0.074966
0.012494 9115.533203 0.000687 0.037483 9112.510742 0.000266 0.049977 9105.934570 0.000106 0.062472 9082.993164 0.000083 0.074966 9082.993164 0.000000
164 4 0.012494 0.049977
0.012494 9042.687500 0.000605 0.024989 9045.567383 0.000501 0.037483 9049.077148 0.000311 0.049977 9049.077148 0.000000
165 5 0.012494 0.062472
0.012494 8912.837891 0.001205 0.024989 8912.999023 0.000910 0.037483 8912.038086 0.000425 0.049977 8940.076172 0.000134 0.062472 8940.076172 0.000000
166 7 0.012494 0.087460
0.012494 8789.013672 0.001756 0.024989 8790.458984 0.001349 0.037483 8791.043945 0.000671 0.049977 8792.402344 0.000246 0.062472 8802.137695 0.000121 0.074966 8802.133789 0.000063 0.087460 8802.133789 0.000000
167 4 0.012494 0.049977
0.012494 8428.386719 0.001761 0.024989 8427.259766 0.001310 0.037483 8425.941406 0.000602 0.049977 8425.941406 0.000000
168 7 0.012494 0.087460
0.012494 8402.703125 0.001687 0.024989 8398.124023 0.001277 0.037483 8397.003906 0.000646 0.049977 8397.060547 0.000262 0.062472 8400.572266 0.000134 0.074966 8400.296875 0.000069 0.087460 8400.296875 0.000000
169 8 0.012494 0.099955
0.012494 8281.458984 0.001411 0.024989 8276.727539 0.001103 0.037483 8275.235352 0.000603 0.049977 8274.407227 0.000284 0.062472 8277.620117 0.000145 0.074966 8287.816406 0.000073 0.087460 8294.512695 0.000036 0.099955 8294.512695 0.000000
170 4 0.012494 0.049977
0.012494 8234.233398 0.001146 0.024989 8226.689453 0.000900 0.037483 8223.373047 0.000517 0.049977 8223.373047 0.000000
171 7 0.012494 0.087460
0.012494 8143.208496 0.000862 0.024989 8137.380859 0.000654 0.037483 8136.185059 0.000314 0.049977 8137.327148 0.000102 0.062472 8139.914063 0.000046 0.074966 8137.942383 0.000035 0.087460 8137.942383 0.000000
172 5 0.012494 0.062472
0.012494 7525.128418 0.000747 0.024989 7524.478516 0.000573 0.037483 7523.434570 0.000273 0.049977 7511.617188 0.000088 0.062472 7511.617188 0.000000
173 5 0.012494 0.087460
0.012494 6547.508301 0.000785 0.049977 6550.781250 0.000206 0.062472 6549.132324 0.000090 0.074966 6542.910156 0.000036 0.087460 6542.910156 0.000000
174 8 0.012494 0.099955
0.012494 6283.994629 0.000664 0.024989 6282.783691 0.000510 0.037483 6280.378906 0.000284 0.049977 6251.753418 0.000222 0.062472 6272.949707 0.000116 0.074966 6280.975586 0.000055 0.087460 6317.345703 0.000049 0.099955 6317.345703 0.000000
175 10 0.012494 0.124943
0.012494 4364.958496 0.002979 0.024989 4367.204102 0.002532 0.037483 4368.060059 0.001516 0.049977 4366.646973 0.000678 0.062472 4361.007813 0.000290 0.074966 4332.629395 0.000295 0.087460 4336.001953 0.000176 0.099955 4347.610352 0.000096 0.112449 4362.135254 0.000055 0.124943 4362.135254 0.000000
176 16 0.012494 0.212404
0.012494 3799.716309 0.003190 0.024989 3807.545166 0.002495 0.037483 3809.116943 0.001452 0.049977 3781.717285 0.000787 0.062472 3786.649902 0.000489 0.074966 3786.312256 0.000242 0.087460 3759.143311 0.000083 0.112449 3762.351318 0.000059 0.124943 3756.752441 0.000068 0.137438 3756.026367 0.000067 0.149932 3756.238037 0.000061 0.162426 3758.309326 0.000057 0.174921 3760.073975 0.000052 0.187415 3759.801270 0.000043 0.199909 3758.742188 0.000033 0.212404 3758.742188 0.000000
177 4 0.012494 0.049977
0.012494 3782.885498 0.003331 0.024989 3782.342773 0.002557 0.037483 3752.418945 0.001602 0.049977 3752.418945 0.000000
178 8 0.012494 0.137438
0.012494 3621.713135 0.004023 0.024989 3621.211182 0.003095 0.037483 3622.926758 0.001493 0.049977 3632.395752 0.000540 0.074966 3602.898926 0.000181 0.112449 3611.323242 0.000080 0.124943 3612.123779 0.000074 0.137438 3612.123779 0.000000
179 4 0.012494 0.074966
0.012494 3565.477051 0.003518 0.024989 3569.317627 0.002797 0.062472 3585.503662 0.000405 0.074966 3585.503662 0.000000
180 14 0.012494 0.174921
0.012494 3356.529053 0.001964 0.024989 3360.257568 0.001529 0.037483 3329.543945 0.000987 0.049977 3307.738770 0.000586 0.062472 3321.100342 0.000449 0.074966 3322.491699 0.000309 0.087460 3325.013428 0.000162 0.099955 3327.241211 0.000096 0.112449 3330.423828 0.000087 0.124943 3327.778076 0.000078 0.137438 3323.701416 0.000062 0.149932 3321.520996 0.000046 0.162426 3324.059570 0.000032 0.174921 3324.059570 0.000000
181 15 0.012494 0.187415
0.012494 3100.305420 0.001597 0.024989 3106.980713 0.001162 0.037483 3109.474609 0.000632 0.049977 3111.318359 0.000372 0.062472 3107.846436 0.000293 0.074966 3102.940186 0.000279 0.087460 3101.742188 0.000259 0.099955 3102.949463 0.000210 0.112449 3103.608887 0.000154 0.124943 3102.723145 0.000105 0.137438 3101.881348 0.000072 0.149932 3102.844971 0.000051 0.162426 3104.278809 0.000041 0.174921 3104.963623 0.000035 0.187415 3104.963623 0.000000
182 4 0.012494 0.049977
0.012494 2830.822754 0.002873 0.024989 2829.491211 0.002263 0.037483 2829.997314 0.001233 0.049977 2829.997314 0.000000
183 21 0.012494 0.262381
0.012494 2795.523926 0.002530 0.024989 2793.828125 0.002009 0.037483 2793.932861 0.001089 0.049977 2794.734863 0.000485 0.062472 2797.772461 0.000259 0.074966 2801.637451 0.000162 0.087460 2814.796143 0.000177 0.099955 2817.660645 0.000157 0.112449 2818.661133 0.000120 0.124943 2819.141357 0.000098 0.137438 2818.512451 0.000091 0.149932 2818.115967 0.000089 0.162426 2817.795898 0.000085 0.174921 2817.205811 0.000077 0.187415 2816.928467 0.000069 0.199909 2817.334717 0.000062 0.212404 2817.791748 0.000055 0.224898 2817.797607 0.000048 0.237392 2817.573730 0.000041 0.249887 2817.424316 0.000035 0.262381 2817.424316 0.000000
184 8 0.012494 0.099955
0.012494 2568.797852 0.002420 0.024989 2566.547363 0.002019 0.037483 2563.938965 0.001299 0.049977 2546.103271 0.000907 0.062472 2544.119385 0.000581 0.074966 2538.941162 0.000324 0.087460 2542.254883 0.000179 0.099955 2542.254883 0.000000
185 6 0.012494 0.074966
0.012494 1320.990479 0.008378 0.024989 1318.276733 0.007576 0.037483 1347.445801 0.005307 0.049977 1345.616211 0.004522 0.062472 1342.926636 0.004619 0.074966 1342.926636 0.000000
186 5 0.012494 0.062472
0.012494 1062.429443 0.016147 0.024989 1066.508667 0.019393 0.037483 1066.991577 0.016124 0.049977 1054.290283 0.009929 0.062472 1054.290283 0.000000
187 8 0.012494 0.099955
0.012494 922.273315 0.010284 0.024989 923.323730 0.011087 0.037483 919.916626 0.008558 0.049977 906.307190 0.005849 0.062472 881.822083 0.006271 0.074966 889.699463 0.004191 0.087460 888.535339 0.002940 0.099955 888.535339 0.000000
188 21 0.012494 0.262381
0.012494 813.647583 0.009116 0.024989 809.961304 0.007514 0.037483 809.204590 0.005023 0.049977 808.344238 0.003213 0.062472 804.909485 0.002174 0.074966 798.640930 0.001612 0.087460 785.622314 0.001156 0.099955 777.571228 0.000685 0.112449 779.684082 0.000336 0.124943 778.309265 0.000169 0.137438 780.985413 0.000115 0.149932 807.695068 0.000094 0.162426 804.165161 0.000068 0.174921 805.175110 0.000051 0.187415 803.049805 0.000036 0.199909 776.539978 0.000039 0.212404 782.688965 0.000044 0.224898 782.301880 0.000049 0.237392 782.000183 0.000047 0.249887 781.767761 0.000039 0.262381 781.767761 0.000000
189 9 0.012494 0.112449
0.012494 750.858276 0.017588 0.024989 751.607849 0.019622 0.037483 749.974243 0.019112 0.049977 744.685181 0.018435 0.062472 743.078003 0.015782 0.074966 742.672791 0.010848 0.087460 739.670105 0.007261 0.099955 737.807556 0.005129 0.112449 737.807556 0.000000
190 67 0.012494 0.837120
0.012494 713.539490 0.030091 0.024989 717.892273 0.035529 0.037483 717.412842 0.035374 0.049977 711.187500 0.034033 0.062472 706.974304 0.035197 0.074966 708.202637 0.028337 0.087460 708.587158 0.022076 0.099955 709.070984 0.018461 0.112449 709.544495 0.016229 0.124943 709.081909 0.014784 0.137438 708.750122 0.013524 0.149932 708.812683 0.012254 0.162426 708.900085 0.011103 0.174921 708.890686 0.010096 0.187415 708.985535 0.009218 0.199909 708.984924 0.008422 0.212404 709.018494 0.007699 0.224898 709.058228 0.007062 0.237392 709.060608 0.006487 0.249887 709.082764 0.005971 0.262381 709.076660 0.005504 0.274875 709.036865 0.005081 0.287370 709.004944 0.004694 0.299864 708.989868 0.004341 0.312358 708.977173 0.004015 0.324853 708.976990 0.003717 0.337347 708.954041 0.003446 0.349841 708.920105 0.003198 0.362336 708.893799 0.002969 0.374830 708.867981 0.002755 0.387324 708.853027 0.002556 0.399819 708.840271 0.002373 0.412313 708.826294 0.002204 0.424807 708.824219 0.002048 0.437302 708.831421 0.001903 0.449796 708.835632 0.001766 0.462290 708.823364 0.001637 0.474785 708.808716 0.001516 0.487279 708.807007 0.001403 0.499773 708.807983 0.001297 0.512268 708.805481 0.001198 0.524762 708.801086 0.001105 0.537256 708.809082 0.001019 0.549751 708.823975 0.000939 0.562245 708.830261 0.000864 0.574739 708.835327 0.000794 0.587234 708.849548 0.000730 0.599728 708.869812 0.000669 0.612222 708.859558 0.000612 0.624717 708.826233 0.000559 0.637211 708.810486 0.000510 0.649705 708.810364 0.000468 0.662200 708.826050 0.000431 0.674694 708.872253 0.000398 0.687188 708.962585 0.000368 0.699683 709.076782 0.000341 0.712177 709.155457 0.000315 0.724671 709.169922 0.000289 0.737166 709.120056 0.000264 0.749660 709.031494 0.000241 0.762154 708.965942 0.000221 0.774649 708.975891 0.000203 0.787143 709.014893 0.000186 0.799637 708.996887 0.000171 0.812132 708.924744 0.000151 0.824626 708.800598 0.000120 0.837120 708.557129 0.000078
191 23 0.012494 0.324853
0.012494 497.355347 0.011117 0.024989 471.116516 0.020265 0.037483 473.608643 0.021107 0.049977 479.527893 0.020616 0.062472 487.382782 0.016777 0.087460 497.451202 0.010177 0.099955 495.951416 0.007037 0.112449 495.249908 0.005313 0.124943 493.102020 0.003957 0.137438 491.240601 0.002970 0.149932 490.854919 0.002271 0.162426 491.483307 0.001712 0.174921 491.568329 0.001321 0.187415 492.207367 0.001104 0.199909 491.298340 0.000927 0.212404 491.233856 0.000751 0.249887 492.620026 0.000384 0.262381 492.363220 0.000289 0.274875 490.989960 0.000211 0.287370 490.618286 0.000156 0.299864 490.250488 0.000119 0.312358 491.856506 0.000098 0.324853 491.856506 0.000000
192 9 0.024989 0.124943
0.024989 5190.712891 0.001166 0.037483 5195.429199 0.000698 0.049977 5206.196289 0.000348 0.062472 5209.649902 0.000206 0.074966 5208.007813 0.000139 0.087460 5204.866211 0.000116 0.099955 5212.732910 0.000079 0.112449 5217.210449 0.000047 0.124943 5217.210449 0.000000
193 4 0.024989 0.062472
0.024989 4926.816406 0.001469 0.037483 4929.405762 0.000753 0.049977 4934.859863 0.000352 0.062472 4934.859863 0.000000
194 8 0.024989 0.137438
0.024989 4753.957520 0.002231 0.049977 4752.041016 0.000487 0.062472 4751.835449 0.000286 0.074966 4755.273926 0.000169 0.087460 4771.736816 0.000133 0.099955 4769.757324 0.000090 0.124943 4738.888672 0.000034 0.137438 4738.888672 0.000000
195 5 0.024989 0.124943
0.024989 4158.951172 0.001944 0.049977 4161.883301 0.000382 0.074966 4160.699219 0.000143 0.112449 4160.026367 0.000085 0.124943 4160.026367 0.000000
196 5 0.024989 0.124943
0.024989 3896.476563 0.002334 0.037483 3894.527588 0.001252 0.074966 3876.395264 0.000277 0.112449 3860.683105 0.000048 0.124943 3860.683105 0.000000
197 4 0.024989 0.074966
0.024989 3749.906738 0.002999 0.049977 3755.510986 0.000763 0.062472 3756.869385 0.000416 0.074966 3756.869385 0.000000
198 8 0.024989 0.124943
0.024989 3424.266113 0.002104 0.037483 3421.787842 0.001205 0.049977 3452.058838 0.000728 0.062472 3416.860352 0.000353 0.074966 3418.658203 0.000170 0.087460 3425.836914 0.000095 0.112449 3427.239258 0.000049 0.124943 3427.239258 0.000000
199 4 0.024989 0.062472
0.024989 2129.697266 0.004736 0.037483 2131.934570 0.003091 0.049977 2131.701172 0.001479 0.062472 2131.701172 0.000000
200 5 0.024989 0.112449
0.024989 993.841064 0.007511 0.037483 999.710693 0.004695 0.062472 974.489807 0.001532 0.099955 946.683716 0.001078 0.112449 946.683716 0.000000
201 5 0.024989 0.074966
0.024989 642.924072 0.028624 0.037483 640.913147 0.016321 0.049977 641.054443 0.008186 0.062472 649.223083 0.006092 0.074966 649.223083 0.000000
202 46 0.024989 0.649705
0.024989 617.592529 0.026275 0.037483 613.742615 0.018497 0.049977 610.064819 0.012847 0.062472 605.129333 0.008368 0.074966 601.680359 0.004330 0.087460 601.198914 0.001928 0.099955 603.293945 0.001111 0.112449 605.036865 0.000894 0.124943 606.395020 0.000714 0.137438 603.977539 0.000515 0.149932 592.627625 0.000544 0.162426 593.037964 0.000623 0.174921 591.830444 0.000580 0.187415 572.742126 0.000521 0.199909 572.048218 0.000459 0.212404 572.568298 0.000310 0.224898 574.658325 0.000201 0.237392 597.300903 0.000192 0.249887 597.948242 0.000132 0.262381 605.046387 0.000079 0.274875 605.704285 0.000058 0.299864 590.917175 0.000085 0.312358 563.892273 0.000209 0.324853 565.659851 0.000204 0.337347 566.599060 0.000185 0.349841 567.145386 0.000158 0.362336 567.886353 0.000135 0.374830 568.961426 0.000120 0.387324 570.387390 0.000117 0.399819 570.816833 0.000120 0.412313 569.124634 0.000120 0.424807 566.944336 0.000119 0.437302 566.496521 0.000120 0.449796 567.399475 0.000121 0.462290 568.114319 0.000115 0.474785 567.016052 0.000098 0.487279 565.545349 0.000079 0.499773 565.871948 0.000065 0.512268 568.034546 0.000057 0.524762 569.147339 0.000048 0.537256 567.308838 0.000037 0.574739 568.829834 0.000033 0.587234 567.117920 0.000032 0.624717 567.820496 0.000033 0.637211 568.116089 0.000032 0.649705 568.116089 0.000000
203 50 0.024989 0.649705
0.024989 152.161728 0.051684 0.037483 150.379303 0.031379 0.049977 152.385101 0.017558 0.062472 154.207184 0.011193 0.074966 155.466278 0.007047 0.087460 160.413696 0.004707 0.099955 154.469650 0.001762 0.112449 151.344193 0.001162 0.124943 160.058044 0.000423 0.137438 161.569946 0.000511 0.149932 160.703003 0.000627 0.162426 159.385986 0.000507 0.174921 150.429855 0.000414 0.187415 159.411362 0.000500 0.199909 159.860657 0.000265 0.212404 158.945358 0.000361 0.224898 150.129852 0.000246 0.237392 159.258636 0.000298 0.249887 158.678360 0.000148 0.262381 159.429825 0.000225 0.274875 150.480316 0.000169 0.287370 159.136673 0.000175 0.299864 149.977707 0.000157 0.312358 158.663696 0.000153 0.324853 149.850754 0.000137 0.337347 158.457642 0.000137 0.349841 149.496201 0.000112 0.362336 158.107010 0.000111 0.374830 160.735413 0.000073 0.387324 158.757629 0.000101 0.399819 149.753021 0.000054 0.412313 149.398880 0.000055 0.424807 158.764313 0.000053 0.437302 159.264069 0.000045 0.449796 159.453766 0.000044 0.462290 157.695663 0.000037 0.474785 160.315811 0.000051 0.487279 156.533386 0.000052 0.499773 148.422760 0.000054 0.512268 152.032410 0.000056 0.524762 159.986160 0.000043 0.537256 153.819717 0.000036 0.562245 151.469727 0.000037 0.574739 158.760696 0.000035 0.587234 149.938538 0.000045 0.599728 157.838104 0.000035 0.612222 150.430740 0.000039 0.624717 157.723831 0.000037 0.637211 150.281845 0.000033 0.649705 150.281845 0.000000
204 5 0.037483 0.087460
0.037483 1130.552124 0.009047 0.049977 1137.336792 0.004186 0.062472 1163.773071 0.001952 0.074966 1162.376343 0.000965 0.087460 1162.376343 0.000000
205 9 0.037483 0.237392
0.037483 273.251404 0.020648 0.049977 274.095734 0.016289 0.087460 262.361176 0.002428 0.124943 240.246948 0.004608 0.162426 273.489777 0.000773 0.174921 257.716461 0.000190 0.212404 230.650269 0.000355 0.224898 227.383362 0.000309 0.237392 227.383362 0.000000
206 45 0.037483 0.612222
0.037483 243.254822 0.103847 0.049977 243.629654 0.073413 0.062472 238.661102 0.050594 0.074966 241.905243 0.029567 0.087460 238.763916 0.014825 0.099955 268.668091 0.000738 0.112449 240.117447 0.005751 0.124943 224.931549 0.005815 0.137438 228.280579 0.005587 0.149932 237.406372 0.002494 0.162426 246.090454 0.000636 0.174921 239.285553 0.000880 0.187415 228.523682 0.001095 0.199909 239.096558 0.000597 0.212404 248.948090 0.000293 0.224898 239.629456 0.000307 0.237392 229.832275 0.000406 0.249887 238.998627 0.000204 0.262381 229.023590 0.000178 0.274875 229.500854 0.000186 0.287370 229.707245 0.000157 0.299864 230.302902 0.000133 0.312358 229.645676 0.000123 0.324853 230.621521 0.000121 0.337347 230.015335 0.000093 0.349841 230.564560 0.000093 0.362336 229.909439 0.000078 0.374830 230.108826 0.000081 0.387324 229.947037 0.000070 0.399819 230.631195 0.000061 0.412313 229.323349 0.000050 0.424807 230.031494 0.000063 0.437302 230.163406 0.000043 0.449796 238.548080 0.000036 0.462290 229.517227 0.000054 0.474785 232.136230 0.000039 0.487279 227.984619 0.000039 0.499773 230.170212 0.000049 0.524762 228.101624 0.000042 0.537256 229.873505 0.000038 0.562245 227.502335 0.000037 0.574739 230.741806 0.000039 0.587234 238.841003 0.000032 0.599728 231.306747 0.000033 0.612222 231.306747 0.000000
207 4 0.312358 0.374830
0.312358 300.530151 0.007206 0.324853 303.638580 0.006952 0.362336 299.865509 0.004182 0.374830 299.865509 0.000000
208 6 0.412313 0.524762
0.412313 299.513947 0.002466 0.449796 302.427460 0.001928 0.462290 299.564270 0.001485 0.499773 302.359711 0.001163 0.512268 299.729706 0.000882 0.524762 299.729706 0.000000
209 17 0.637211 0.837120
0.637211 62.503494 0.000173 0.649705 62.431194 0.000183 0.662200 61.956852 0.000177 0.674694 59.599808 0.000147 0.687188 55.008778 0.000116 0.699683 53.311115 0.000107 0.712177 54.785316 0.000116 0.724671 58.359451 0.000134 0.737166 59.493679 0.000144 0.749660 59.917919 0.000142 0.762154 60.989662 0.000134 0.774649 61.630405 0.000125 0.787143 59.866417 0.000113 0.799637 56.069199 0.000111 0.812132 53.834641 0.000114 0.824626 52.895744 0.000105 0.837120 49.888088 0.000076
210 16 0.649705 0.837120
0.649705 104.682831 0.000137 0.662200 104.353714 0.000146 0.674694 104.741570 0.000137 0.687188 104.865295 0.000119 0.699683 104.966217 0.000102 0.712177 105.191544 0.000094 0.724671 105.740677 0.000097 0.737166 105.933319 0.000105 0.749660 105.749619 0.000105 0.762154 106.132889 0.000092 0.774649 107.137695 0.000076 0.787143 106.771881 0.000070 0.799637 103.629105 0.000077 0.812132 100.488228 0.000083 0.824626 94.792656 0.000072 0.837120 86.845764 0.000052
211 1 0.812132 0.812132
0.812132 225.151611 0.000069
212 1 0.812132 0.812132
0.812132 164.925186 0.000049
213 3 0.812132 0.837120
0.812132 11.635160 0.000074 0.824626 16.405394 0.000079 0.837120 19.245129 0.000071
