par-text-partials-format
point-type time frequency amplitude
partials-count 65
partials-data
0 5 0.000000 0.049977
0.000000 21846.501953 0.000803 0.012494 21844.392578 0.000705 0.024989 21841.732422 0.000362 0.037483 21832.335938 0.000092 0.049977 21832.335938 0.000000
1 5 0.000000 0.049977
0.000000 21530.333984 0.000746 0.012494 21531.142578 0.000620 0.024989 21531.304688 0.000300 0.037483 21529.509766 0.000070 0.049977 21529.509766 0.000000
2 5 0.000000 0.049977
0.000000 21097.046875 0.002283 0.012494 21099.083984 0.001855 0.024989 21105.919922 0.000869 0.037483 21110.593750 0.000192 0.049977 21110.593750 0.000000
3 5 0.000000 0.049977
0.000000 20694.294922 0.001417 0.012494 20695.621094 0.001161 0.024989 20697.814453 0.000553 0.037483 20700.142578 0.000128 0.049977 20700.142578 0.000000
4 5 0.000000 0.049977
0.000000 20458.589844 0.001708 0.012494 20464.117188 0.001378 0.024989 20469.294922 0.000644 0.037483 20473.478516 0.000142 0.049977 20473.478516 0.000000
5 5 0.000000 0.049977
0.000000 20318.996094 0.002266 0.012494 20319.279297 0.001857 0.024989 20318.744141 0.000885 0.037483 20316.783203 0.000203 0.049977 20316.783203 0.000000
6 5 0.000000 0.049977
0.000000 20227.970703 0.002142 0.012494 20225.154297 0.001751 0.024989 20222.349609 0.000836 0.037483 20221.236328 0.000200 0.049977 20221.236328 0.000000
7 5 0.000000 0.049977
0.000000 19952.894531 0.001993 0.012494 19954.070313 0.001632 0.024989 19954.121094 0.000779 0.037483 19953.263672 0.000183 0.049977 19953.263672 0.000000
8 5 0.000000 0.049977
0.000000 19865.357422 0.001912 0.012494 19860.492188 0.001563 0.024989 19855.724609 0.000739 0.037483 19852.019531 0.000168 0.049977 19852.019531 0.000000
9 5 0.000000 0.049977
0.000000 19690.718750 0.001251 0.012494 19682.638672 0.001036 0.024989 19674.912109 0.000501 0.037483 19668.287109 0.000118 0.049977 19668.287109 0.000000
10 5 0.000000 0.049977
0.000000 19300.542969 0.000886 0.012494 19305.458984 0.000753 0.024989 19305.802734 0.000373 0.037483 19331.085938 0.000090 0.049977 19331.085938 0.000000
11 5 0.000000 0.049977
0.000000 19152.066406 0.000887 0.012494 19149.146484 0.000741 0.024989 19141.964844 0.000358 0.037483 19126.564453 0.000083 0.049977 19126.564453 0.000000
12 5 0.000000 0.049977
0.000000 18469.671875 0.001449 0.012494 18493.294922 0.001171 0.024989 18520.990234 0.000547 0.037483 18540.076172 0.000121 0.049977 18540.076172 0.000000
13 5 0.000000 0.049977
0.000000 18409.781250 0.001451 0.012494 18404.236328 0.001168 0.024989 18420.449219 0.000539 0.037483 18433.720703 0.000115 0.049977 18433.720703 0.000000
14 5 0.000000 0.049977
0.000000 18008.066406 0.001338 0.012494 18008.832031 0.001090 0.024989 18012.275391 0.000512 0.037483 18015.269531 0.000114 0.049977 18015.269531 0.000000
15 5 0.000000 0.049977
0.000000 17540.953125 0.002205 0.012494 17546.960938 0.001770 0.024989 17552.925781 0.000818 0.037483 17554.125000 0.000176 0.049977 17554.125000 0.000000
16 5 0.000000 0.049977
0.000000 17192.279297 0.002417 0.012494 17190.701172 0.001933 0.024989 17188.425781 0.000886 0.037483 17183.798828 0.000187 0.049977 17183.798828 0.000000
17 5 0.000000 0.049977
0.000000 16720.283203 0.001902 0.012494 16716.582031 0.001550 0.024989 16701.406250 0.000726 0.037483 16697.228516 0.000161 0.049977 16697.228516 0.000000
18 5 0.000000 0.049977
0.000000 15612.214844 0.001117 0.012494 15615.016602 0.000908 0.024989 15618.187500 0.000426 0.037483 15620.865234 0.000094 0.049977 15620.865234 0.000000
19 5 0.000000 0.049977
0.000000 15290.292969 0.001444 0.012494 15284.886719 0.001182 0.024989 15278.112305 0.000558 0.037483 15276.261719 0.000126 0.049977 15276.261719 0.000000
20 5 0.000000 0.049977
0.000000 14324.899414 0.003144 0.012494 14328.919922 0.002515 0.024989 14330.254883 0.001151 0.037483 14328.408203 0.000243 0.049977 14328.408203 0.000000
21 5 0.000000 0.049977
0.000000 13982.356445 0.002839 0.012494 13977.260742 0.002286 0.024989 13967.217773 0.001058 0.037483 13958.693359 0.000229 0.049977 13958.693359 0.000000
22 5 0.000000 0.049977
0.000000 13643.226563 0.001544 0.012494 13636.917969 0.001247 0.024989 13627.768555 0.000579 0.037483 13623.721680 0.000127 0.049977 13623.721680 0.000000
23 5 0.000000 0.049977
0.000000 12874.551758 0.001940 0.012494 12873.739258 0.001613 0.024989 12871.412109 0.000774 0.037483 12869.229492 0.000178 0.049977 12869.229492 0.000000
24 5 0.000000 0.049977
0.000000 12528.946289 0.001671 0.012494 12528.627930 0.001374 0.024989 12528.348633 0.000654 0.037483 12527.394531 0.000146 0.049977 12527.394531 0.000000
25 5 0.000000 0.049977
0.000000 12179.909180 0.000868 0.012494 12170.557617 0.000729 0.024989 12164.958008 0.000358 0.037483 12147.445313 0.000086 0.049977 12147.445313 0.000000
26 5 0.000000 0.049977
0.000000 11566.155273 0.002940 0.012494 11567.666992 0.002374 0.024989 11569.219727 0.001102 0.037483 11580.004883 0.000239 0.049977 11580.004883 0.000000
27 5 0.000000 0.049977
0.000000 11182.634766 0.004805 0.012494 11183.917969 0.003886 0.024989 11184.255859 0.001807 0.037483 11195.637695 0.000393 0.049977 11195.637695 0.000000
28 5 0.000000 0.049977
0.000000 10511.500000 0.002361 0.012494 10515.107422 0.001907 0.024989 10518.912109 0.000885 0.037483 10524.009766 0.000192 0.049977 10524.009766 0.000000
29 5 0.000000 0.049977
0.000000 10196.235352 0.002634 0.012494 10194.693359 0.002141 0.024989 10191.417969 0.001001 0.037483 10187.366211 0.000219 0.049977 10187.366211 0.000000
30 5 0.000000 0.049977
0.000000 9755.810547 0.002814 0.012494 9761.322266 0.002322 0.024989 9766.604492 0.001108 0.037483 9768.052734 0.000248 0.049977 9768.052734 0.000000
31 5 0.000000 0.049977
0.000000 9101.624023 0.001971 0.012494 9104.574219 0.001663 0.024989 9108.512695 0.000813 0.037483 9109.974609 0.000193 0.049977 9109.974609 0.000000
32 5 0.000000 0.049977
0.000000 8475.131836 0.005354 0.012494 8478.889648 0.004315 0.024989 8482.341797 0.002001 0.037483 8498.354492 0.000430 0.049977 8498.354492 0.000000
33 5 0.000000 0.049977
0.000000 7959.055664 0.003963 0.012494 7958.569824 0.003232 0.024989 7958.403809 0.001523 0.037483 7958.064453 0.000340 0.049977 7958.064453 0.000000
34 5 0.000000 0.049977
0.000000 7457.583008 0.007837 0.012494 7457.571289 0.006428 0.024989 7457.180664 0.003049 0.037483 7454.820313 0.000679 0.049977 7454.820313 0.000000
35 5 0.000000 0.049977
0.000000 6849.665039 0.003536 0.012494 6847.657227 0.002943 0.024989 6846.034668 0.001422 0.037483 6846.817383 0.000327 0.049977 6846.817383 0.000000
36 5 0.000000 0.049977
0.000000 6397.829590 0.006472 0.012494 6393.886230 0.005363 0.024989 6388.767090 0.002568 0.037483 6378.291992 0.000581 0.049977 6378.291992 0.000000
37 5 0.000000 0.049977
0.000000 5556.176270 0.009493 0.012494 5555.720215 0.007879 0.024989 5555.406250 0.003777 0.037483 5555.212891 0.000861 0.049977 5555.212891 0.000000
38 5 0.000000 0.049977
0.000000 5150.684570 0.004301 0.012494 5154.832520 0.003482 0.024989 5158.838379 0.001632 0.037483 5161.858887 0.000359 0.049977 5161.858887 0.000000
39 5 0.000000 0.049977
0.000000 4835.188965 0.011830 0.012494 4835.443359 0.009701 0.024989 4835.750000 0.004593 0.037483 4836.277344 0.001019 0.049977 4836.277344 0.000000
40 5 0.000000 0.049977
0.000000 4228.111816 0.013474 0.012494 4227.281738 0.011010 0.024989 4226.540039 0.005175 0.037483 4225.469727 0.001141 0.049977 4225.469727 0.000000
41 6 0.000000 0.062472
0.000000 3752.215576 0.014071 0.012494 3753.492676 0.011987 0.024989 3755.092529 0.005917 0.037483 3757.385010 0.001416 0.049977 3759.082275 0.000036 0.062472 3759.082275 0.000000
42 6 0.000000 0.062472
0.000000 3093.147461 0.014492 0.012494 3091.431641 0.012423 0.024989 3089.829346 0.006175 0.037483 3089.263916 0.001496 0.049977 3075.439697 0.000039 0.062472 3075.439697 0.000000
43 6 0.000000 0.062472
0.000000 2483.911133 0.017898 0.012494 2490.010010 0.015294 0.024989 2498.289307 0.007602 0.037483 2512.111572 0.001846 0.049977 2540.608643 0.000053 0.062472 2540.608643 0.000000
44 6 0.000000 0.062472
0.000000 2048.916992 0.023542 0.012494 2051.401367 0.020043 0.024989 2054.206055 0.009944 0.037483 2057.875977 0.002425 0.049977 2079.601563 0.000077 0.062472 2079.601563 0.000000
45 6 0.000000 0.062472
0.000000 1711.047852 0.033926 0.012494 1711.947998 0.028501 0.024989 1712.788818 0.013947 0.037483 1713.812134 0.003302 0.049977 1695.071533 0.000093 0.062472 1695.071533 0.000000
46 6 0.000000 0.062472
0.000000 1438.861694 0.052811 0.012494 1440.117188 0.044056 0.024989 1441.317139 0.021417 0.037483 1442.942871 0.004971 0.049977 1450.658203 0.000125 0.062472 1450.658203 0.000000
47 6 0.000000 0.062472
0.000000 1204.795776 0.067312 0.012494 1205.815918 0.056301 0.024989 1206.926270 0.027421 0.037483 1208.552490 0.006408 0.049977 1218.882935 0.000170 0.062472 1218.882935 0.000000
48 6 0.000000 0.062472
0.000000 1002.785034 0.067001 0.012494 999.661438 0.057306 0.024989 996.830688 0.028585 0.037483 993.513184 0.006954 0.049977 990.830444 0.000214 0.062472 990.830444 0.000000
49 6 0.000000 0.062472
0.000000 638.731812 0.079102 0.012494 619.171082 0.070172 0.024989 600.286438 0.036810 0.037483 582.225586 0.009874 0.049977 572.652100 0.000481 0.062472 572.652100 0.000000
50 14 0.000000 0.174921
0.000000 409.355652 0.103342 0.012494 406.209869 0.099251 0.024989 403.567139 0.056460 0.037483 403.697998 0.016740 0.049977 406.646606 0.001308 0.062472 407.020538 0.000063 0.074966 407.239838 0.000073 0.099955 402.389618 0.000064 0.112449 403.081268 0.000056 0.124943 401.941681 0.000060 0.137438 403.198303 0.000060 0.149932 401.135742 0.000054 0.162426 403.917908 0.000039 0.174921 403.917908 0.000000
51 20 0.000000 0.249887
0.000000 267.659363 0.111913 0.012494 269.762543 0.116092 0.024989 271.970703 0.071964 0.037483 275.467377 0.024181 0.049977 285.272980 0.002747 0.062472 314.360962 0.000206 0.074966 316.913727 0.000210 0.099955 313.620026 0.000225 0.112449 312.774658 0.000224 0.124943 312.607361 0.000215 0.137438 314.316162 0.000194 0.149932 314.518311 0.000184 0.162426 315.747620 0.000177 0.174921 315.336212 0.000157 0.187415 312.576538 0.000127 0.199909 313.108612 0.000091 0.212404 318.098389 0.000054 0.224898 319.573853 0.000044 0.237392 321.474884 0.000054 0.249887 319.547852 0.000054
52 21 0.000000 0.249887
0.000000 148.872208 0.114121 0.012494 149.565750 0.143153 0.024989 151.388046 0.114894 0.037483 151.448410 0.064146 0.049977 148.715469 0.032404 0.062472 138.404510 0.033249 0.074966 136.511383 0.033969 0.087460 135.477371 0.033391 0.099955 135.109482 0.032484 0.112449 135.023163 0.031633 0.124943 135.007004 0.030888 0.137438 134.952896 0.029993 0.149932 134.796585 0.028402 0.162426 134.579208 0.025619 0.174921 134.450516 0.021733 0.187415 134.454239 0.017396 0.199909 134.566010 0.013209 0.212404 134.844269 0.009354 0.224898 135.655975 0.005908 0.237392 137.773087 0.003162 0.249887 141.600769 0.001410
53 21 0.000000 0.249887
0.000000 82.015457 0.121265 0.012494 69.010208 0.232496 0.024989 55.857235 0.394796 0.037483 50.961609 0.546907 0.049977 47.843189 0.639303 0.062472 46.052700 0.671790 0.074966 45.249783 0.667731 0.087460 44.991451 0.653024 0.099955 44.913948 0.636719 0.112449 44.893921 0.621071 0.124943 44.890900 0.605958 0.137438 44.891754 0.586710 0.149932 44.897594 0.553912 0.162426 44.903862 0.499946 0.174921 44.902840 0.426844 0.187415 44.898880 0.345108 0.199909 44.906563 0.264774 0.212404 44.922382 0.190490 0.224898 44.901085 0.124085 0.237392 44.776447 0.069043 0.249887 44.431427 0.030259
54 4 0.012494 0.049977
0.012494 21251.023438 0.001494 0.024989 21259.964844 0.000701 0.037483 21279.062500 0.000156 0.049977 21279.062500 0.000000
55 18 0.012494 0.224898
0.012494 20138.970703 0.001245 0.024989 20163.166016 0.000726 0.037483 20159.644531 0.000232 0.049977 20148.796875 0.000137 0.062472 20146.380859 0.000137 0.074966 20145.529297 0.000133 0.087460 20145.236328 0.000130 0.099955 20145.136719 0.000127 0.112449 20145.158203 0.000124 0.124943 20145.189453 0.000121 0.137438 20145.160156 0.000118 0.149932 20145.123047 0.000111 0.162426 20145.134766 0.000100 0.174921 20145.167969 0.000085 0.187415 20145.177734 0.000069 0.199909 20145.212891 0.000053 0.212404 20145.312500 0.000038 0.224898 20145.312500 0.000000
56 18 0.012494 0.224898
0.012494 20058.251953 0.001215 0.024989 20058.300781 0.000584 0.037483 20057.083984 0.000197 0.049977 20052.349609 0.000125 0.062472 20054.277344 0.000127 0.074966 20054.996094 0.000123 0.087460 20055.236328 0.000120 0.099955 20055.380859 0.000118 0.112449 20055.441406 0.000115 0.124943 20055.410156 0.000112 0.137438 20055.355469 0.000109 0.149932 20055.324219 0.000103 0.162426 20055.312500 0.000093 0.174921 20055.345703 0.000079 0.187415 20055.439453 0.000064 0.199909 20055.537109 0.000049 0.212404 20055.574219 0.000035 0.224898 20055.574219 0.000000
57 4 0.012494 0.049977
0.012494 14758.275391 0.001146 0.024989 14768.724609 0.000520 0.037483 14775.022461 0.000109 0.049977 14775.022461 0.000000
58 4 0.012494 0.049977
0.012494 11773.283203 0.001601 0.024989 11796.201172 0.000741 0.037483 11815.416992 0.000160 0.049977 11815.416992 0.000000
59 4 0.012494 0.049977
0.012494 4408.897949 0.008715 0.024989 4421.400879 0.004066 0.037483 4430.959473 0.000891 0.049977 4430.959473 0.000000
60 4 0.012494 0.049977
0.012494 3544.247559 0.008439 0.024989 3535.822266 0.004055 0.037483 3525.662598 0.000926 0.049977 3525.662598 0.000000
61 20 0.012494 0.249887
0.012494 202.129776 0.120284 0.024989 198.309219 0.087138 0.037483 196.480698 0.036662 0.049977 193.529831 0.007513 0.062472 224.237289 0.001036 0.074966 226.951538 0.001096 0.087460 225.611267 0.001188 0.099955 225.408691 0.001224 0.112449 224.821243 0.001227 0.124943 224.498657 0.001219 0.137438 225.204559 0.001182 0.149932 225.161682 0.001095 0.162426 223.931595 0.000963 0.174921 223.186920 0.000795 0.187415 223.547745 0.000607 0.199909 224.539093 0.000431 0.212404 225.173645 0.000282 0.224898 225.688202 0.000192 0.237392 226.893555 0.000157 0.249887 228.277237 0.000128
62 4 0.012494 0.099955
0.012494 13.164543 0.022074 0.049977 7.013812 0.004230 0.087460 6.146228 0.005863 0.099955 6.146228 0.000000
63 1 0.237392 0.237392
0.237392 93.614891 0.001269
64 1 0.237392 0.237392
0.237392 79.622971 0.002263
